0	3.7596	303.9356
3600	1.8798	34.8594
7200	3.133	14.3021
10800	2.5064	312.1969
14400	3.133	52.5451
18000	3.7596	89.4621
21600	2.5064	143.9589
25200	2.5064	90.2986
28800	3.133	112.832
32400	1.2532	72.787
36000	1.2532	135.0008
39600	1.8798	163.6248
43200	1.2532	167.0649
46800	3.133	106.4177
50400	3.133	94.9581
54000	4.3862	89.7075
57600	4.3862	81.5704
61200	3.7596	97.8887
64800	1.8798	103.1907
68400	1.2532	191.2204
72000	1.8798	135.648
75600	1.8798	196.0115
79200	1.2532	134.0986
82800	1.2532	130.087
86400	1.8798	112.6867
90000	1.2532	91.9258
93600	1.2532	185.9089
97200	1.2532	207.9839
100800	1.2532	244.3995
104400	1.8798	247.9023
108000	1.2532	180.6948
111600	2.5064	176.2043
115200	2.5064	163.8943
118800	1.8798	165.903
122400	1.8798	167.1857
126000	0	-4.1898
129600	1.8798	165.8096
133200	3.133	157.7619
136800	3.133	173.1507
140400	3.7596	155.2136
144000	3.133	172.6536
147600	1.8798	174.8813
151200	2.5064	214.4886
154800	5.0128	271.3221
158400	2.5064	353.8763
162000	2.5064	239.5909
165600	3.133	24.4274
169200	1.8798	46.3583
172800	4.3862	346.5848
176400	1.8798	66.8152
180000	1.8798	82.4618
183600	0	-4.6706
187200	1.2532	60.9898
190800	1.2532	317.709
194400	1.2532	326.5481
198000	1.8798	334.0024
201600	1.8798	343.9387
205200	1.8798	342.8138
208800	1.8798	344.445
212400	2.5064	149.4176
216000	3.7596	147.8488
219600	4.3862	149.5501
223200	3.7596	154.9309
226800	1.8798	158.944
230400	1.8798	160.0947
234000	1.8798	119.7537
237600	0.6266	66.3698
241200	0	-2.4426
244800	1.2532	156.9395
248400	1.2532	311.1877
252000	1.8798	144.6282
255600	1.2532	74.5822
259200	0.6266	172.2164
262800	1.2532	234.7889
266400	0	-0.5227
270000	0	3.6916
273600	1.8798	223.2854
277200	0	-1.3084
280800	1.8798	151.9979
284400	2.5064	130.8001
288000	1.8798	168.6386
291600	1.2532	270.957
295200	0.6266	32.3135
298800	1.2532	167.2329
302400	1.2532	345.411
306000	1.2532	21.1729
309600	1.8798	139.4344
313200	2.5064	80.6644
316800	1.8798	139.115
320400	3.133	167.8412
324000	1.8798	155.9429
327600	5.6394	278.8883
331200	5.6394	303.3596
334800	5.6394	294.1285
338400	2.5064	283.6065
342000	1.2532	302.3032
345600	1.2532	69.0552
349200	1.8798	107.006
352800	1.2532	145.2009
356400	1.2532	153.5855
360000	0	-0.3911
363600	0	-0.6357
367200	1.2532	306.1091
370800	1.2532	16.6403
374400	1.8798	9.9351
378000	1.8798	76.7592
381600	2.5064	87.559
385200	2.5064	87.8144
388800	3.7596	142.5412
392400	1.8798	79.3118
396000	5.6394	159.1872
399600	3.7596	159.9851
403200	5.6394	174.5854
406800	6.266	187.0551
410400	3.7596	173.1617
414000	1.8798	28.598
417600	8.1458	236.8503
421200	6.266	273.0955
424800	7.5192	283.1894
428400	3.7596	309.8631
432000	2.5064	313.22
435600	4.3862	333.7359
439200	1.2532	16.6392
442800	1.2532	50.5482
446400	1.8798	108.5061
450000	1.8798	143.6348
453600	2.5064	111.2173
457200	2.5064	88.7113
460800	3.7596	85.2547
464400	5.6394	97.3864
468000	2.5064	72.7873
471600	5.0128	51.7757
475200	3.7596	115.5609
478800	1.2532	117.1241
482400	5.6394	125.7487
486000	6.266	131.6925
489600	6.266	154.994
493200	6.8926	162.2076
496800	5.0128	155.5717
500400	3.133	156.6547
504000	5.0128	283.0799
507600	5.6394	264.4769
511200	3.133	265.8805
514800	3.133	257.0138
518400	3.133	246.4514
522000	3.133	201.3631
525600	4.3862	219.905
529200	0	2.8404
532800	0	-0.297
536400	1.8798	66.9464
540000	3.7596	75.1385
543600	3.7596	101.8757
547200	3.7596	116.3534
550800	2.5064	107.9885
554400	3.7596	53.5474
558000	3.133	81.5682
561600	2.5064	139.7253
565200	3.133	163.2665
568800	3.133	157.8498
572400	7.5192	171.7462
576000	8.1458	176.8038
579600	6.266	182.2226
583200	3.7596	201.3938
586800	5.6394	313.5052
590400	5.6394	323.7298
594000	5.6394	297.9747
597600	5.0128	278.6293
601200	4.3862	287.2108
604800	4.3862	303.8594
608400	3.7596	286.6878
612000	3.133	289.6132
615600	1.8798	323.0395
619200	1.2532	354.7829
622800	1.2532	172.7928
626400	1.2532	169.3211
630000	1.8798	230.6775
633600	2.5064	88.567
637200	3.133	39.1215
640800	3.7596	73.0557
644400	3.7596	163.3494
648000	4.3862	139.0519
651600	6.266	139.8503
655200	6.266	149.105
658800	6.8926	156.8406
662400	6.266	158.4117
666000	6.266	137.3262
669600	4.3862	108.0506
673200	6.8926	107.3839
676800	5.6394	114.4883
680400	3.7596	127.5843
684000	3.133	122.999
687600	3.133	111.9599
691200	1.8798	127.7125
694800	1.8798	135.0847
698400	2.5064	149.8019
702000	1.8798	129.1959
705600	1.8798	133.1392
709200	1.2532	138.7332
712800	3.133	115.4057
716400	3.133	100.5801
720000	2.5064	88.0505
723600	2.5064	88.5594
727200	2.5064	63.1182
730800	2.5064	43.5842
734400	3.7596	69.0943
738000	2.5064	139.8857
741600	3.133	165.9541
745200	3.133	155.0971
748800	3.7596	164.8543
752400	5.0128	136.7023
756000	7.5192	117.1534
759600	8.1458	93.3172
763200	6.266	106.937
766800	5.6394	96.5994
770400	3.133	141.3345
774000	3.133	89.1134
777600	1.2532	140.649
781200	3.133	89.3938
784800	1.2532	143.0032
788400	1.2532	91.9757
792000	0	-4.0658
795600	1.2532	141.1944
799200	1.2532	138.2227
802800	3.133	24.0352
806400	1.8798	38.4558
810000	1.8798	36.1594
813600	2.5064	118.7299
817200	2.5064	163.0072
820800	1.2532	134.0655
824400	2.5064	116.4553
828000	3.133	130.5539
831600	3.7596	142.6513
835200	5.0128	147.4355
838800	5.0128	131.152
842400	3.7596	148.0135
846000	4.3862	120.0694
849600	5.0128	100.008
853200	3.7596	110.7275
856800	3.133	134.2253
860400	3.133	98.3619
864000	3.7596	106.7987
867600	3.133	128.7373
871200	2.5064	82.6804
874800	3.133	93.9148
878400	3.133	104.0685
882000	0	1.6736
885600	1.8798	90.9498
889200	1.8798	175.1747
892800	1.2532	14.0231
896400	1.8798	33.2425
900000	1.8798	172.0734
903600	2.5064	52.4369
907200	1.8798	56.168
910800	1.8798	302.6092
914400	1.8798	59.8518
918000	1.8798	38.2632
921600	5.0128	106.9208
925200	4.3862	136.7558
928800	3.133	150.4159
932400	3.7596	119.5898
936000	3.7596	127.0147
939600	1.8798	56.7759
943200	1.8798	59.6264
946800	1.8798	117.4504
950400	1.2532	145.1277
954000	1.2532	101.3251
957600	0	1.1311
961200	1.8798	133.4177
964800	1.8798	136.6805
968400	2.5064	164.0308
972000	1.8798	107.938
975600	2.5064	34.5876
979200	1.2532	103.1054
982800	1.8798	9.708
986400	2.5064	61.5072
990000	1.8798	19.8796
993600	3.133	16.1145
997200	5.6394	334.7232
1000800	4.3862	318.2291
1004400	5.0128	159.0785
1008000	6.8926	169.0346
1011600	6.266	171.8899
1015200	4.3862	169.7033
1018800	3.133	136.8397
1022400	1.8798	166.4869
1026000	1.8798	173.1521
1029600	3.133	284.4831
1033200	5.0128	297.9478
1036800	3.7596	279.6854
1040400	4.3862	301.4942
1044000	2.5064	279.7783
1047600	0	0.8842
1051200	0	0.1396
1054800	1.8798	350.1344
1058400	1.8798	28.3798
1062000	1.8798	49.2498
1065600	2.5064	62.3009
1069200	1.8798	57.007
1072800	1.2532	196.0515
1076400	1.2532	21.2894
1080000	1.8798	41.7154
1083600	8.1458	146.6036
1087200	6.266	139.0748
1090800	4.3862	142.4863
1094400	3.7596	88.8381
1098000	1.2532	69.2133
1101600	1.2532	16.2145
1105200	3.133	347.7448
1108800	5.6394	282.7909
1112400	3.7596	310.4111
1116000	0	-3.4209
1119600	0	3.5218
1123200	1.8798	106.7847
1126800	2.5064	308.1825
1130400	3.133	305.4118
1134000	0	0.4844
1137600	1.2532	161.2528
1141200	0	-1.4016
1144800	1.8798	19.7866
1148400	1.8798	12.0235
1152000	1.8798	12.0018
1155600	3.7596	6.4803
1159200	2.5064	38.7624
1162800	1.8798	7.0687
1166400	1.8798	9.1411
1170000	6.266	141.3602
1173600	6.8926	9.7518
1177200	6.266	144.9383
1180800	7.5192	143.0934
1184400	11.2788	345.6743
1188000	5.6394	6.1295
1191600	2.5064	345.795
1195200	2.5064	310.464
1198800	2.5064	295.992
1202400	3.133	28.6574
1206000	1.8798	10.1356
1209600	3.7596	278.2394
1213200	3.133	292.9529
1216800	1.8798	346.0091
1220400	2.5064	37.8142
1224000	1.8798	7.4195
1227600	1.8798	35.1409
1231200	1.2532	24.0178
1234800	1.8798	20.7119
1238400	2.5064	40.0059
1242000	1.2532	31.7723
1245600	1.8798	71.7588
1249200	3.133	61.7859
1252800	3.133	98.2641
1256400	5.0128	155.7395
1260000	8.1458	156.8244
1263600	7.5192	150.359
1267200	6.8926	172.4127
1270800	7.5192	157.0453
1274400	3.7596	170.5138
1278000	3.7596	305.745
1281600	1.2532	284.9408
1285200	1.8798	320.5542
1288800	1.2532	111.9535
1292400	1.2532	156.0562
1296000	6.266	168.1998
1299600	6.266	158.4714
1303200	6.266	115.0689
1306800	1.8798	273.7656
1310400	1.8798	293.7406
1314000	2.5064	345.3105
1317600	1.8798	330.0121
1321200	2.5064	351.7276
1324800	1.8798	39.2516
1328400	1.8798	334.2361
1332000	1.8798	38.8239
1335600	2.5064	311.7888
1339200	4.3862	295.8803
1342800	3.133	289.3498
1346400	4.3862	134.973
1350000	4.3862	142.6552
1353600	5.6394	125.7262
1357200	6.266	135.4087
1360800	5.0128	138.7582
1364400	4.3862	148.5963
1368000	4.3862	136.2936
1371600	3.133	162.7642
1375200	1.8798	174.6215
1378800	0.6266	119.2298
1382400	1.8798	45.82
1386000	1.8798	330.5317
1389600	1.2532	299.7055
1393200	1.2532	306.7909
1396800	1.8798	7.7098
1400400	2.5064	21.6783
1404000	1.2532	13.1599
1407600	1.8798	49.5444
1411200	1.8798	58.0959
1414800	1.2532	7.0902
1418400	1.8798	353.0588
1422000	2.5064	31.6697
1425600	1.8798	50.7495
1429200	6.266	161.3307
1432800	6.8926	144.5965
1436400	7.5192	170.7386
1440000	9.399	174.0664
1443600	6.266	168.92
1447200	5.0128	169.362
1450800	3.133	194.8371
1454400	2.5064	175.2064
1458000	1.8798	181.179
1461600	0	-3.7717
1465200	1.2532	25.9698
1468800	0.6266	346.2269
1472400	1.8798	34.5138
1476000	0.6266	10.2625
1479600	0.6266	360.2422
1483200	1.8798	9.0458
1486800	2.5064	36.8212
1490400	1.8798	23.5542
1494000	1.2532	19.45
1497600	0.6266	52.1368
1501200	1.2532	294.8082
1504800	5.6394	228.5144
1508400	6.266	249.4387
1512000	6.8926	245.267
1515600	6.8926	240.9065
1519200	7.5192	231.6056
1522800	8.1458	238.3054
1526400	7.5192	227.6948
1530000	6.266	229.6538
1533600	5.0128	227.9798
1537200	5.0128	222.0163
1540800	3.133	247.8066
1544400	4.3862	264.4979
1548000	2.5064	260.3102
1551600	1.2532	302.0162
1555200	2.5064	310.222
1558800	3.133	338.2889
1562400	1.2532	283.8428
1566000	3.133	291.3472
1569600	2.5064	278.5337
1573200	2.5064	330.8031
1576800	2.5064	316.4414
1580400	3.133	313.9039
1584000	3.7596	307.7636
1587600	2.5064	328.7162
1591200	3.133	325.4767
1594800	6.266	164.7418
1598400	8.1458	164.8355
1602000	7.5192	170.5725
1605600	8.1458	165.4275
1609200	9.399	181.8046
1612800	10.6522	189.0512
1616400	7.5192	165.8691
1620000	6.8926	167.7357
1623600	4.3862	194.4573
1627200	5.0128	172.6599
1630800	3.7596	173.351
1634400	1.2532	140.521
1638000	1.8798	92.4665
1641600	1.8798	87.3485
1645200	1.2532	147.3943
1648800	1.2532	125.7479
1652400	3.133	357.2334
1656000	2.5064	364.5236
1659600	2.5064	345.163
1663200	1.8798	89.7076
1666800	1.8798	350.0979
1670400	2.5064	335.2437
1674000	2.5064	25.617
1677600	1.2532	323.5448
1681200	2.5064	177.1388
1684800	1.8798	157.6121
1688400	3.7596	167.9981
1692000	3.7596	143.5646
1695600	7.5192	146.6059
1699200	8.7724	163.8312
1702800	6.8926	148.4167
1706400	7.5192	156.26
1710000	6.266	158.5296
1713600	5.0128	145.6992
1717200	5.0128	129.584
1720800	5.0128	119.8386
1724400	4.3862	132.3606
1728000	3.7596	124.0057
1731600	3.7596	118.7177
1735200	1.8798	126.1261
1738800	2.5064	126.8687
1742400	0	-1.0267
1746000	0	-1.2316
1749600	0	-4.9471
1753200	1.2532	139.1841
1756800	1.8798	35.3357
1760400	1.8798	146.6368
1764000	1.2532	133.2726
1767600	2.5064	112.6368
1771200	5.0128	150.5412
1774800	6.266	159.5991
1778400	7.5192	154.5663
1782000	5.6394	154.6435
1785600	7.5192	145.7282
1789200	6.266	192.9587
1792800	3.7596	161.2837
1796400	6.266	177.4681
1800000	5.0128	204.6107
1803600	5.0128	171.1588
1807200	5.6394	184.6272
1810800	3.7596	119.6592
1814400	6.266	144.1236
1818000	6.266	133.2384
1821600	3.133	123.5538
1825200	1.8798	141.1747
1828800	2.5064	123.8298
1832400	2.5064	133.8334
1836000	1.8798	78.3477
1839600	0	-2.4628
1843200	2.5064	159.1529
1846800	1.8798	62.7396
1850400	2.5064	21.6007
1854000	1.2532	311.6322
1857600	2.5064	90.4915
1861200	5.0128	159.337
1864800	6.8926	142.6074
1868400	6.8926	159.3189
1872000	7.5192	155.36
1875600	8.1458	165.5599
1879200	5.6394	164.8972
1882800	5.6394	165.862
1886400	4.3862	151.2036
1890000	1.8798	142.1787
1893600	2.5064	108.5199
1897200	3.7596	102.473
1900800	1.2532	155.1005
1904400	1.2532	56.3481
1908000	1.2532	50.4049
1911600	0	-4.3257
1915200	0	-4.6873
1918800	0.6266	116.3696
1922400	1.2532	81.6274
1926000	1.8798	44.4336
1929600	1.8798	48.2839
1933200	2.5064	17.4237
1936800	3.133	46.9668
1940400	2.5064	139.3546
1944000	5.0128	133.0195
1947600	5.6394	153.3301
1951200	6.266	129.2087
1954800	6.266	138.3152
1958400	6.8926	155.9303
1962000	6.266	156.1657
1965600	5.6394	171.3024
1969200	5.6394	152.1391
1972800	3.133	150.4559
1976400	3.133	142.6955
1980000	5.0128	117.0558
1983600	5.0128	123.1879
1987200	3.133	150.8416
1990800	3.133	144.4371
1994400	1.8798	143.5996
1998000	3.133	156.2531
2001600	2.5064	191.5196
2005200	1.8798	188.088
2008800	2.5064	122.0101
2012400	2.5064	128.8282
2016000	2.5064	99.5003
2019600	2.5064	163.4336
2023200	0.6266	349.1989
2026800	3.7596	26.7857
2030400	2.5064	66.4963
2034000	6.8926	164.563
2037600	8.7724	149.6179
2041200	8.1458	160.6265
2044800	9.399	165.2776
2048400	8.1458	181.8819
2052000	6.266	164.0772
2055600	5.0128	176.4255
2059200	3.7596	182.1814
2062800	3.7596	160.7309
2066400	7.5192	153.3192
2070000	5.6394	116.8372
2073600	2.5064	128.2005
2077200	3.7596	110.0056
2080800	3.7596	145.3787
2084400	3.133	147.6829
2088000	2.5064	174.2888
2091600	1.2532	128.0206
2095200	1.8798	141.575
2098800	1.8798	121.4858
2102400	1.8798	139.4453
2106000	5.0128	13.0928
2109600	1.2532	261.9328
2113200	5.0128	119.5771
2116800	3.133	144.4446
2120400	4.3862	167.9025
2124000	5.6394	163.7215
2127600	8.1458	171.6673
2131200	8.7724	173.145
2134800	7.5192	167.651
2138400	3.7596	170.1591
2142000	5.0128	143.7739
2145600	0	2.7257
2149200	1.8798	141.0262
2152800	2.5064	95.5049
2156400	1.8798	173.144
2160000	1.8798	84.4855
2163600	1.2532	270.3154
2167200	1.8798	158.3597
2170800	3.7596	297.1983
2174400	2.5064	325.5516
2178000	0.6266	15.8029
2181600	3.7596	285.4417
2185200	5.6394	286.3814
2188800	6.8926	289.251
2192400	5.6394	265.9686
2196000	5.0128	283.7194
2199600	5.0128	262.5019
2203200	3.133	272.132
2206800	3.133	284.2503
2210400	5.6394	227.2402
2214000	8.1458	236.242
2217600	8.1458	245.6873
2221200	9.399	251.1103
2224800	7.5192	252.0537
2228400	3.133	310.7977
2232000	3.133	318.0527
2235600	3.7596	29.0434
2239200	0.6266	296.6868
2242800	3.133	124.9378
2246400	3.133	154.9989
2250000	3.133	145.4136
2253600	3.133	121.9837
2257200	2.5064	290.9551
2260800	5.0128	289.8962
2264400	4.3862	243.2189
2268000	4.3862	291.7768
2271600	4.3862	321.5335
2275200	3.7596	337.2741
2278800	3.133	330.156
2282400	4.3862	308.9483
2286000	3.7596	321.1109
2289600	3.7596	333.597
2293200	3.133	348.4873
2296800	3.7596	36.5738
2300400	1.2532	106.1142
2304000	3.133	279.5082
2307600	2.5064	19.2765
2311200	3.133	346.3074
2314800	3.7596	356.099
2318400	3.133	317.8805
2322000	2.5064	348.1751
2325600	3.7596	357.8811
2329200	3.133	364.882
2332800	4.3862	339.01
2336400	3.133	306.1451
2340000	3.7596	326.1473
2343600	3.7596	303.9385
2347200	3.133	299.2059
2350800	3.133	295.7928
2354400	2.5064	336.671
2358000	1.8798	338.2202
2361600	1.8798	339.9821
2365200	2.5064	333.6922
2368800	1.2532	317.6012
2372400	1.2532	361.0407
2376000	3.7596	52.9279
2379600	3.133	61.8295
2383200	3.133	242.6552
2386800	3.7596	65.551
2390400	3.133	43.2501
2394000	3.133	15.8544
2397600	3.133	337.7415
2401200	1.8798	346.9218
2404800	1.2532	13.3849
2408400	1.2532	331.3298
2412000	1.2532	342.3939
2415600	1.8798	347.3676
2419200	2.5064	348.0364
2422800	1.2532	352.9254
2426400	0	-1.04
2430000	1.2532	301.6858
2433600	1.2532	286.1458
2437200	1.2532	305.9362
2440800	1.2532	306.0473
2444400	0	-3.1992
2448000	0	-2.5003
2451600	0	-3.4915
2455200	2.5064	80.6429
2458800	3.133	71.2881
2462400	2.5064	80.6897
2466000	5.0128	75.3459
2469600	4.3862	69.5541
2473200	4.3862	118.7542
2476800	3.133	144.064
2480400	3.7596	171.7068
2484000	3.133	336.7865
2487600	4.3862	124.7969
2491200	4.3862	108.4504
2494800	3.7596	119.7989
2498400	1.2532	124.5459
2502000	1.2532	189.2806
2505600	1.2532	157.0878
2509200	1.2532	169.0672
2512800	1.2532	135.7833
2516400	1.2532	106.5919
2520000	1.2532	12.1803
2523600	0	-3.0003
2527200	2.5064	307.4803
2530800	0.6266	322.4071
2534400	1.8798	122.8121
2538000	0.6266	146.4081
2541600	3.133	98.253
2545200	1.8798	59.4702
2548800	1.8798	55.8461
2552400	3.133	134.8069
2556000	5.0128	115.8022
2559600	5.6394	148.7448
2563200	6.8926	175.562
2566800	6.266	170.3275
2570400	3.7596	139.5739
2574000	7.5192	111.834
2577600	6.266	111.7284
2581200	5.0128	126.8035
2584800	5.0128	132.467
2588400	4.3862	129.3248
2592000	3.7596	142.8276
2595600	1.8798	109.2507
2599200	0	1.3924
2602800	0	3.0614
2606400	0	-2.3181
2610000	0	-2.2107
2613600	1.8798	345.4733
2617200	0	4.3317
2620800	1.2532	152.9924
2624400	3.7596	71.4836
2628000	3.133	158.4589
2631600	2.5064	159.0484
2635200	2.5064	131.114
2638800	4.3862	139.51
2642400	4.3862	143.7197
2646000	5.0128	151.6814
2649600	5.0128	154.0716
2653200	5.0128	161.2975
2656800	3.133	268.1169
2660400	2.5064	262.6982
2664000	1.8798	227.1028
2667600	2.5064	142.6538
2671200	1.8798	150.2103
2674800	1.2532	184.1954
