3	705218.14	7471693.79
1	3.45	-173.83
2	3.46	-172.37
3	3.14	-168.73
4	2.65	-167.85
5	2.30	-169.26
6	2.11	-174.22
7	2.17	-176.12
8	2.29	-169.92
9	2.22	-165.41
10	2.29	-169.44
11	2.74	-172.02
12	3.40	-175.85
13	3.95	-173.99
14	3.73	-178.49
15	3.76	179.75
16	3.45	175.34
17	3.47	175.01
18	3.44	176.81
19	3.44	179.7
20	3.48	177.81
21	3.46	177.48
22	3.35	179.94
23	2.98	-178.98
24	2.97	-175.73
25	3.02	-171.08
26	2.83	-170.42
27	2.54	-172.91
28	2.41	-176.04
29	2.38	-177.15
30	2.34	-174.25
31	2.20	-168.5
32	1.99	-167.48
33	1.77	-169.4
34	1.82	-164.59
35	2.03	-157.22
36	2.06	-151.46
37	2.05	-156.85
38	2.22	-165.14
39	2.65	-169.91
40	3.22	-165.43
41	3.63	-171.24
42	3.92	-178.14
43	4.08	178.2
44	4.43	172.44
45	4.71	174.45
46	4.51	174.07
47	3.64	171.48
48	3.74	172.99
49	3.95	179.94
50	3.80	-172.65
51	3.60	-167.34
52	3.17	-166.04
53	2.84	-167.15
54	2.13	-163.88
55	1.55	-157.41
56	1.69	-152.63
57	1.78	-146.32
58	1.58	-144.71
59	1.28	-136.52
60	1.35	-134.63
61	1.23	-128.98
62	1.39	-125.62
63	1.59	-113.86
64	1.47	-121.27
65	2.12	-141.45
66	2.34	-154.85
67	3.32	-163.63
68	2.78	-166.01
69	2.43	-159.89
70	1.61	-154.47
71	1.10	-164.73
72	0.68	-153.49
73	0.10	-138.16
74	0.50	-17.29
75	0.64	24.24
76	0.58	39.45
77	0.29	47.38
78	0.12	-42.74
79	0.24	-106.56
80	0.07	-59.29
81	0.23	123.54
82	0.51	27.36
83	0.70	28.43
84	0.88	33.95
85	0.50	-4.39
86	0.76	-1.5
87	1.30	17.23
88	1.58	29.79
89	1.67	46.43
90	2.25	57.28
91	3.09	59.83
92	3.29	55.93
93	3.13	45.82
94	3.07	39.39
95	1.73	11.62
96	2.11	8.52
97	2.38	1.71
98	2.31	1.95
99	2.60	5.47
100	2.49	9.6
101	2.91	9.49
102	2.64	4.14
103	2.46	2.84
104	2.41	1.64
105	2.63	3.02
106	3.00	11.59
107	3.49	37.62
108	3.72	42.83
109	3.45	46
110	3.23	49.87
111	3.43	53.38
112	3.78	58.79
113	4.07	62.88
114	4.22	64.17
115	4.44	63.89
116	4.39	66.74
117	4.12	64.35
118	3.63	62.97
119	2.64	54.76
120	2.24	41.02
121	1.98	26.89
122	1.84	18.3
123	1.72	4.19
124	1.63	-3.65
125	1.76	-1.43
126	1.84	0.18
127	1.91	3.14
128	1.85	2.03
129	1.74	-1.09
130	1.77	2.25
131	1.43	32.12
132	1.73	39.51
133	1.86	48.34
134	2.18	54.63
135	2.64	59.02
136	3.04	65.97
137	3.12	76.23
138	3.14	84.24
139	3.14	90.89
140	2.99	95.13
141	2.90	97.56
142	2.63	106.43
143	2.28	106.79
144	1.83	110.28
145	1.27	118.51
146	0.81	132.2
147	0.57	141.29
148	0.30	134.13
149	0.19	-117.26
150	0.47	-87.11
151	0.60	-75.72
152	0.59	-79.83
153	0.42	-103.3
154	0.41	-141.88
155	0.91	-174.73
156	1.50	-170.64
157	1.65	-175.87
158	1.49	169.11
159	1.44	164.28
160	1.72	157.97
161	2.67	153.25
162	3.28	154.8
163	4.06	158.24
164	4.77	161.37
165	4.61	166.56
166	4.31	171.1
167	3.76	171.24
168	3.48	175.72
169	3.10	-179.72
170	2.91	-176.06
171	2.37	-173.92
172	1.88	-170.05
173	1.82	-162.98
174	1.90	-153.7
175	1.91	-147.73
176	1.92	-147.82
177	1.96	-149.98
178	2.00	-151.43
179	2.09	-150.82
180	2.03	-143.4
181	2.05	-135.83
182	2.02	-128.26
183	1.98	-120.21
184	1.59	-121.71
185	1.31	-141.86
186	1.82	-173.59
187	2.97	177.61
188	3.89	176.12
189	3.80	177.07
190	3.66	-172.06
191	3.09	-178.62
192	2.88	-173.25
193	2.59	-163.73
194	2.23	-157.95
195	1.86	-154.26
196	1.74	-148.17
197	1.68	-142.63
198	1.52	-135.03
199	1.44	-127.35
200	1.32	-123.38
201	1.44	-118.8
202	1.44	-115.17
203	0.97	-112.7
204	1.23	-100.79
205	1.29	-72.89
206	1.34	-39.36
207	1.80	2.89
208	2.16	30.58
209	2.81	51.77
210	2.94	66.09
211	2.05	91.44
212	1.14	125.08
213	1.34	162.53
214	1.37	168.66
215	1.63	-160.07
216	1.51	-158.83
217	1.50	-144.2
218	1.39	-147.53
219	1.11	-159.88
220	1.17	-147.06
221	1.17	-137.78
222	0.98	-145.13
223	0.88	-163.76
224	1.20	-143.71
225	1.58	-129.17
226	1.80	-123.06
227	1.08	-131.31
228	1.18	-148.19
229	1.07	-167.21
230	1.22	167.76
231	1.62	159.43
232	1.99	167.03
233	2.23	169.39
234	2.30	160.48
235	2.88	154.75
236	3.30	179.94
237	3.13	-166.36
238	3.10	-156.31
239	2.62	-142.76
240	2.23	-159.6
241	1.98	-169.91
242	1.94	-166.28
243	1.67	-156.97
244	1.56	-142.36
245	1.52	-128.45
246	1.39	-129.87
247	1.58	-136.92
248	1.72	-141.91
249	1.69	-146.95
250	2.08	-144.06
251	2.17	-139.78
252	2.25	-134.29
253	2.49	-124.61
254	2.70	-113.2
255	2.54	-103.52
256	2.25	-102.71
257	1.80	-114.66
258	1.46	-137.8
259	2.40	-154.96
260	2.84	-141.44
261	2.13	-99.59
262	1.21	-66.4
263	1.79	-77.82
264	2.16	-93.77
265	2.36	-92.52
266	2.02	-88.01
267	1.69	-80.21
268	1.51	-77.22
269	1.40	-77.65
270	1.30	-80.76
271	1.05	-99.18
272	1.09	-116.09
273	1.20	-124.54
274	1.36	-121.91
275	1.58	-85.95
276	1.70	-76.47
277	2.44	-71.9
278	2.47	-66.08
279	2.16	-61.06
280	1.44	-33
281	3.90	43.81
282	4.88	50.87
283	4.28	59.39
284	2.91	57.13
285	2.17	64.47
286	1.30	58.1
287	0.96	-7.5
288	0.70	6.19
289	0.98	2.55
290	1.39	-27.13
291	1.34	-15.68
292	1.06	-16.54
293	0.94	-16.7
294	1.04	-15.67
295	1.09	-14.82
296	1.07	-38.38
297	0.87	-22.2
298	1.28	-3.78
299	1.09	24.62
300	1.51	23.99
301	1.77	29.9
302	2.13	32.21
303	2.30	32.12
304	2.86	33.95
305	2.53	60.07
306	2.39	63.34
307	2.56	63.08
308	2.60	58.48
309	2.21	64.82
310	1.78	57.87
311	1.26	82.39
312	0.77	73.22
313	0.99	65.88
314	1.02	54.25
315	1.06	44.43
316	1.28	41.37
317	1.36	44.72
318	1.42	40.73
319	1.45	35.11
320	1.35	34.94
321	1.35	42.51
322	1.33	37.89
323	1.27	83.71
324	1.26	100.84
325	1.07	107.79
326	1.22	101.65
327	1.27	121.31
328	1.60	134.35
329	2.04	147.47
330	2.19	157.67
331	2.30	162.48
332	2.70	168.8
333	3.24	176.02
334	2.95	169.2
335	2.78	172.99
336	2.82	175.28
337	2.83	-179.86
338	2.57	-171.65
339	2.09	-164.24
340	1.43	-160.91
341	1.26	-161.97
342	1.51	-163.61
343	1.37	-167.9
344	1.30	-162.79
345	1.44	-151.61
346	1.62	-140.29
347	1.58	-142.43
348	2.08	-128.31
349	2.30	-113.54
350	2.24	-101.5
351	2.77	-88.91
352	3.34	-82.76
353	3.59	-82.32
354	3.57	-84.68
355	3.45	-90.64
356	3.19	-92.6
357	2.63	-96.19
358	1.96	-138.33
359	2.05	-144.46
360	2.17	-139.89
361	2.13	-131.52
362	1.99	-113.17
363	1.40	-89.92
364	1.33	-57.13
365	1.30	-53.9
366	1.49	-73.72
367	1.56	-85.79
368	1.62	-93.17
369	1.61	-96.27
370	1.74	-99.37
371	1.72	-103.08
372	1.98	-95.36
373	2.25	-85.37
374	2.51	-80.26
375	2.75	-78.52
376	2.45	-84.14
377	1.99	-97.7
378	1.71	-121.15
379	1.91	-138.79
380	2.10	-153.54
381	2.24	-173.94
382	2.91	175.85
383	3.18	-175.95
384	2.92	-156.14
385	2.13	-139.96
386	1.55	-153.07
387	1.83	-153.82
388	1.84	-132.06
389	1.62	-115.35
390	1.32	-107.81
391	1.40	-112.64
392	1.58	-114.16
393	1.66	-118.36
394	1.88	-122.16
395	1.68	-117.65
396	1.69	-113.95
397	1.99	-101.82
398	2.02	-93.03
399	1.91	-82.21
400	1.64	-77.64
401	0.92	-61.71
402	0.69	93.87
403	2.25	90.96
404	0.90	76.69
405	0.75	-121.9
406	0.95	-119.81
407	1.55	-149.36
408	1.86	-117.72
409	1.23	-80.2
410	1.18	-74.16
411	1.20	-79.09
412	1.21	-88.34
413	1.04	-82.38
414	0.58	-67.17
415	0.30	-58.26
416	0.48	-115.1
417	0.82	-126.83
418	0.87	-137.21
419	0.20	59.13
420	0.54	29.46
421	0.65	36.89
422	0.89	51.81
423	1.07	69.08
424	1.32	93.12
425	1.76	107.54
426	2.24	139.18
427	2.67	159.69
428	2.49	154.64
429	3.00	145.89
430	2.19	149.38
431	0.68	171.46
432	0.68	-9.15
433	1.30	-46.94
434	0.92	-118.19
435	0.69	-172.16
436	1.04	-136.91
437	1.25	-112.61
438	1.33	-105.39
439	0.77	-95.2
440	0.41	-58.82
441	0.64	15.15
442	0.26	-18.35
443	0.65	22.85
444	1.41	-146.33
445	2.77	-139.1
446	2.87	-138.34
447	2.59	-136.13
448	2.06	-127.54
449	1.69	-105.33
450	1.82	-91.7
451	2.05	-89.88
452	2.09	-90.02
453	2.05	-98.81
454	2.10	-113.38
455	1.26	-93.94
456	1.50	-133.8
457	1.87	-131.98
458	1.87	-116.7
459	1.95	-109.47
460	1.91	-95.51
461	1.83	-96.22
462	1.64	-91.98
463	1.66	-89.78
464	1.63	-84.86
465	1.54	-74.67
466	1.40	-47.91
467	1.36	-32.51
468	0.70	-22.91
469	0.60	15.36
470	0.69	52.12
471	0.72	65.08
472	0.85	67.75
473	0.84	83.97
474	0.97	121.47
475	1.32	131.34
476	1.86	159.61
477	1.82	-154.87
478	2.24	-139.15
479	2.30	-157.17
480	1.94	-104.09
481	2.19	-93.55
482	1.57	-86.13
483	0.94	-81.03
484	0.58	-52.74
485	1.39	12.99
486	2.16	24.02
487	2.12	24.68
488	1.83	25.05
489	0.86	14.8
490	1.09	-67.31
491	1.08	-8.71
492	1.58	-2.86
493	1.30	-2.63
494	1.32	12.08
495	2.54	30.51
496	4.24	45.5
497	4.97	45.59
498	4.13	40.24
499	3.94	40.42
500	4.58	39.05
501	4.29	33.75
502	3.74	31.18
503	3.30	41.56
504	2.39	33.89
505	2.29	22.28
506	2.92	26.85
507	2.65	13.03
508	2.60	3.71
509	2.73	8.62
510	3.09	12.05
511	2.96	13.15
512	3.16	14.65
513	2.85	17.49
514	2.94	23.49
515	3.06	36.31
516	2.75	45.74
517	2.74	58.38
518	2.90	68.58
519	2.83	77.29
520	2.97	86.26
521	3.61	85.86
522	3.15	94.68
523	3.53	101.02
524	3.38	107.32
525	2.87	129.26
526	2.54	144.6
527	2.23	131.53
528	2.01	137.63
529	1.64	173.15
530	1.38	-179.47
531	1.26	-173.79
532	1.42	-171.17
533	1.39	-177.44
534	1.27	-161.61
535	0.91	-162.92
536	0.85	-173.72
537	1.05	176.36
538	1.35	174.69
539	1.70	171.68
540	1.94	172.31
541	2.49	168.02
542	2.87	160.91
543	2.90	150.1
544	2.82	130.8
545	3.55	123.33
546	4.37	135.68
547	4.36	148.23
548	4.60	150.36
549	4.51	146.59
550	3.68	132.29
551	2.68	100.22
552	2.00	105.89
553	1.10	118.74
554	0.94	-173.42
555	1.82	-122.48
556	1.57	-95.96
557	1.22	-126.46
558	0.13	-135.06
559	0.15	-69.38
560	0.31	-52.52
561	0.43	-25.46
562	1.12	-0.32
563	1.66	3.33
564	1.59	-2.67
565	1.27	13.77
566	1.36	32.05
567	1.38	54.02
568	1.37	72.02
569	1.17	81.91
570	0.75	108.35
571	1.04	124.71
572	1.92	142.24
573	2.61	153.27
574	3.26	157.42
575	1.80	149.95
576	1.91	158.21
577	2.27	165.14
578	2.05	172.79
579	1.90	167.67
580	1.85	168.45
581	1.62	179.88
582	1.20	-167.88
583	1.07	-148.22
584	0.95	-129.83
585	0.96	-113.12
586	1.28	-116.53
587	1.53	-109.4
588	0.76	-79.18
589	0.54	6.85
590	0.76	38.99
591	1.16	63.44
592	1.49	90.63
593	2.12	94.14
594	2.44	83.16
595	2.45	67.38
596	2.89	58.09
597	2.35	53.27
598	2.01	46.79
599	3.31	63.57
600	3.56	76.79
601	3.03	84.84
602	2.79	83.68
603	2.90	78.54
604	2.92	67.13
605	3.18	62.05
606	3.54	60.49
607	3.67	59.84
608	3.67	56.99
609	3.53	56.81
610	3.45	55.61
611	2.61	6.53
612	2.98	11.2
613	3.43	13.17
614	3.90	18.67
615	4.25	24.62
616	4.70	33.32
617	5.09	38.91
618	4.90	44.14
619	5.09	49.39
620	4.73	54.1
621	4.04	56.05
622	3.20	53.14
623	2.67	59.53
624	2.72	50.72
625	2.37	46.03
626	1.86	24.9
627	1.60	15.37
628	1.94	3.71
629	2.31	-0.92
630	2.24	-2.49
631	2.14	-2.61
632	2.07	-0.79
633	2.10	-0.32
634	2.18	-8.33
635	2.40	-13.6
636	2.56	2.42
637	3.03	4.8
638	2.63	6.05
639	2.35	13.86
640	2.21	33.21
641	2.57	36.33
642	2.76	50.29
643	2.56	65.67
644	2.63	81.96
645	2.18	93.86
646	1.67	107.08
647	1.17	90.73
648	0.89	115.65
649	0.76	148.04
650	0.25	165.16
651	0.09	37.72
652	0.82	-21.52
653	0.71	-46.03
654	0.79	-47.04
655	0.96	-49.28
656	0.95	-40.49
657	0.91	-43.38
658	0.41	-34.21
659	0.86	-1.91
660	0.29	109.14
661	1.58	123.84
662	2.28	117.67
663	1.77	128.07
664	0.74	170.37
665	0.57	-151.58
666	0.77	150.87
667	2.25	121.36
668	2.86	118.64
669	2.84	131.9
670	2.40	119.44
671	1.66	77.66
672	0.43	62.62
673	0.02	-152.29
674	0.31	-104.96
675	1.03	-87.94
676	1.73	-102.58
677	2.27	-117.94
678	2.40	-120.7
679	2.30	-121.02
680	2.02	-110.94
681	1.53	-84.86
682	1.25	-60.52
683	0.66	-27.47
684	1.07	1.82
685	1.24	15.21
686	1.06	49.46
687	1.40	79.87
688	1.54	111.86
689	2.10	131.86
690	2.43	141.6
691	2.99	144.23
692	3.20	152.9
693	3.23	167.51
694	2.93	167.4
695	2.08	162.32
696	1.93	-168.94
697	1.96	-155.44
698	1.11	-150.64
699	0.58	-133.78
700	0.85	-117.82
701	1.11	-107.67
702	1.24	-100.29
703	1.28	-95.28
704	1.29	-98.93
705	1.21	-111.1
706	1.25	-123.94
707	0.93	-138.22
708	1.08	-140.82
709	1.15	-137.57
710	1.06	-140.46
711	0.75	-170.05
712	0.93	139.06
713	1.59	114.75
714	2.23	108.68
715	2.34	123.59
716	2.24	142.98
717	2.18	-179.37
718	2.06	-172.79
719	2.14	177.98
720	1.98	-173.14
721	1.93	-154.89
722	1.81	-148.14
723	1.45	-138.01
724	0.96	-110.65
725	0.58	-87.69
726	0.63	-95.27
727	1.21	-112.03
728	1.42	-112.06
729	1.36	-108.82
730	1.05	-103.95
731	0.82	-128.33
732	0.32	-176.41
733	0.63	103.63
734	0.38	87.42
735	0.35	4.3
736	1.10	156.08
737	2.49	172.99
738	3.05	176.47
739	2.72	162.89
740	2.24	159.9
741	1.63	-170.17
742	0.89	-108
743	2.09	-51.66
744	1.96	-70.1