4	730879.16	7471324.05
1	1.48	54.88
2	1.37	40.7
3	1.22	17.21
4	1.16	-5.2
5	1.13	-12.16
6	0.93	-15.26
7	1.03	-25.34
8	1.00	-29.55
9	1.04	-46.5
10	1.10	-46.55
11	0.80	-39.44
12	0.68	-59.34
13	0.40	-123.41
14	0.60	170.78
15	1.11	145.31
16	1.51	121.34
17	1.99	101.57
18	2.23	94.34
19	2.10	97.78
20	1.60	117.91
21	1.00	171.52
22	1.68	-150.24
23	1.93	-148.88
24	2.07	-157.73
25	1.72	-174.52
26	1.65	170.55
27	2.14	178.51
28	1.52	-168.04
29	0.95	-162.35
30	0.86	-158.52
31	0.67	-142.05
32	0.77	-123.93
33	0.99	-105.93
34	1.27	-101.79
35	1.14	-102.22
36	1.20	-107.84
37	1.37	-138.69
38	1.89	-160.49
39	2.40	-161.08
40	2.24	179.57
41	2.39	168.79
42	2.71	164.51
43	2.97	165.2
44	3.28	164.68
45	3.02	168.47
46	3.24	176.04
47	3.30	-174.81
48	3.13	-162.22
49	2.77	-155.09
50	2.32	-150.61
51	2.03	-147.21
52	1.96	-148.15
53	1.94	-145.09
54	1.89	-136.58
55	1.86	-126.67
56	1.92	-116.14
57	1.55	-112.67
58	1.16	-117.24
59	1.43	-106.38
60	1.30	-82.7
61	0.93	-54.19
62	1.30	-57.44
63	1.70	-61.49
64	1.76	-52.82
65	1.86	-40.83
66	1.82	-20.57
67	1.61	-3
68	0.78	20.28
69	0.12	31.84
70	0.97	-127.29
71	1.62	-116.13
72	2.02	-109.67
73	2.16	-104.5
74	2.35	-102.96
75	2.43	-101.12
76	2.37	-98.97
77	2.24	-97.35
78	2.19	-96.54
79	1.80	-89.77
80	1.68	-74.83
81	2.15	-80.48
82	2.55	-85.59
83	2.44	-90.87
84	2.12	-90.85
85	1.60	-87.75
86	1.34	-83.64
87	1.11	-83.62
88	0.86	-85.69
89	0.54	-94.04
90	0.49	-127.72
91	0.77	-144.89
92	0.91	-139.4
93	1.16	-135.58
94	1.63	-118.97
95	1.54	-106.29
96	1.79	-95.72
97	1.76	-93.87
98	1.78	-96.71
99	1.61	-92.72
100	1.50	-87.36
101	1.39	-85.88
102	1.40	-93.08
103	1.30	-98.63
104	1.20	-110.78
105	1.18	-110.85
106	1.19	-111.54
107	1.27	-128.99
108	1.36	-114.48
109	1.04	-113.13
110	0.89	-128
111	0.93	-137.96
112	1.00	-152.9
113	1.04	-164.7
114	1.25	-177.01
115	1.51	176.18
116	1.59	178.48
117	1.49	-169.98
118	1.62	-171
119	1.43	-142.96
120	1.60	-132.12
121	1.52	-128.02
122	1.69	-125.95
123	1.53	-112.8
124	1.38	-95.98
125	0.96	-80.63
126	0.81	-80.27
127	0.85	-75.23
128	1.28	-89.95
129	1.51	-88.44
130	1.10	-61.19
131	2.14	17.11
132	3.66	18.33
133	5.17	28.09
134	4.96	25.15
135	4.59	26.5
136	4.45	31.64
137	4.44	37.07
138	4.31	40.19
139	4.22	42.48
140	4.00	42.5
141	3.21	40.5
142	2.34	33.95
143	1.39	10.23
144	1.04	-28.52
145	1.23	-40.82
146	1.34	-45.1
147	1.37	-48.61
148	1.13	-47.9
149	1.06	-53.17
150	1.08	-57.57
151	1.09	-60.38
152	1.11	-72.84
153	1.18	-90.86
154	1.20	-104.94
155	1.10	-120.14
156	1.45	-125.09
157	1.22	-140.09
158	1.27	-148.31
159	1.05	-162.84
160	1.06	169.9
161	1.25	153.32
162	1.63	143.33
163	2.00	134.44
164	2.10	137.4
165	1.66	149.48
166	1.71	162.38
167	1.41	-156.45
168	1.24	-139.73
169	0.58	-45.71
170	1.85	20.49
171	2.61	27.15
172	2.85	23.75
173	2.94	21.74
174	2.58	21.64
175	2.47	23.87
176	2.51	22.03
177	2.76	22.66
178	3.44	29.44
179	3.70	36.41
180	4.02	38.27
181	4.01	35.17
182	4.12	34.63
183	3.90	33.97
184	3.72	33.35
185	3.74	34.83
186	3.53	37.15
187	3.51	37.55
188	3.37	38.39
189	3.07	36.98
190	2.37	35.68
191	2.08	23.82
192	1.85	15.13
193	1.73	4.81
194	1.67	-10.19
195	1.42	-23.4
196	1.21	-19.99
197	1.31	-7.78
198	1.69	6.31
199	1.55	7.24
200	1.58	-0.99
201	1.58	-9.33
202	1.55	-22.56
203	1.75	-12.73
204	2.33	0.68
205	2.73	15.57
206	2.62	31.98
207	2.45	47.91
208	2.30	64.54
209	2.39	75.04
210	2.77	75.43
211	3.08	78.13
212	2.85	85.94
213	2.74	80.22
214	2.96	73.13
215	3.29	47.2
216	3.00	39.45
217	2.65	33.49
218	2.34	25.63
219	1.48	12.73
220	0.72	-23.71
221	0.71	-83.44
222	0.68	-119.22
223	0.56	-152.56
224	0.09	102.35
225	0.72	32.33
226	0.85	36.83
227	0.95	39.65
228	0.56	21.3
229	0.15	25.25
230	0.70	-151.97
231	1.26	-135.93
232	1.83	-107.09
233	1.06	-99.45
234	0.71	169.46
235	1.37	152.73
236	1.92	156.82
237	1.96	161.48
238	2.21	160.42
239	1.62	163.73
240	0.55	135.26
241	1.39	43.11
242	1.81	41.46
243	1.52	34.21
244	1.05	9.07
245	0.80	9.68
246	0.83	31.4
247	0.81	43.47
248	0.84	44.14
249	0.74	41.1
250	0.80	63.88
251	1.27	72.42
252	1.42	104.98
253	1.74	107.62
254	1.95	106.83
255	2.17	105.02
256	2.26	109.66
257	2.60	111.67
258	2.87	118.09
259	2.99	128.67
260	2.95	137.45
261	2.81	144.42
262	2.54	152.29
263	2.26	160.91
264	2.19	172.72
265	2.23	175.64
266	2.29	-178.53
267	1.84	-169.53
268	1.31	-165.01
269	1.03	-169.28
270	0.61	177.21
271	0.42	120.11
272	0.86	71.03
273	1.20	44.83
274	0.95	39.03
275	1.40	16.76
276	2.10	12.37
277	3.00	27.11
278	3.74	38.84
279	4.00	43.9
280	4.23	47.16
281	4.35	52.08
282	4.20	56.26
283	3.96	60.2
284	2.90	60.74
285	2.08	53.38
286	1.54	24.43
287	2.14	6
288	2.53	9.89
289	2.91	18.72
290	3.31	25.72
291	3.40	29.52
292	3.32	30.98
293	2.91	30.94
294	2.39	30.69
295	1.96	27.52
296	1.59	29.19
297	1.36	32.8
298	1.14	44.6
299	0.98	37.88
300	0.78	36.14
301	0.62	44.93
302	0.71	58.11
303	1.01	78.34
304	1.33	83.47
305	1.70	95.28
306	1.86	90.59
307	2.09	86.02
308	2.17	83.02
309	1.57	77.27
310	0.99	82.74
311	0.90	80.47
312	0.71	121.14
313	0.68	149.85
314	0.88	156.57
315	1.04	170.4
316	1.24	179.88
317	1.13	-179.48
318	1.16	-175.15
319	1.19	-161.32
320	1.25	-147.72
321	1.35	-134.4
322	1.18	-125.02
323	1.09	-66.31
324	0.97	-69.91
325	0.87	-89.18
326	1.03	-109.96
327	0.74	-118.47
328	0.50	-116.94
329	0.21	170.12
330	1.20	121.89
331	1.82	136.85
332	2.39	151.83
333	2.29	162.69
334	2.28	165.88
335	1.45	168.15
336	0.34	111.13
337	1.33	44.81
338	1.79	31.09
339	1.80	21.52
340	1.71	18.57
341	1.67	20.89
342	1.64	19.4
343	1.69	20.63
344	1.63	20.33
345	1.77	23.2
346	1.97	30.17
347	2.50	30.41
348	2.98	34.14
349	3.16	35.92
350	3.14	37.58
351	3.10	38.84
352	3.30	45.55
353	3.73	50.04
354	3.99	54.59
355	4.01	55.94
356	3.87	54.48
357	3.35	52.74
358	2.73	45.85
359	2.37	30.88
360	2.01	22.78
361	1.77	12.9
362	1.74	1.42
363	1.82	-9.76
364	1.95	-7.45
365	2.08	-4.98
366	2.15	-7.52
367	2.10	-15.17
368	2.07	-21.13
369	1.91	-25.22
370	1.58	-27.12
371	1.93	-18.9
372	1.89	-7.75
373	2.16	1.47
374	1.94	10.92
375	1.66	22.99
376	1.54	39.65
377	1.59	56.12
378	2.00	73.05
379	2.30	83.02
380	2.09	94.49
381	1.64	109.66
382	1.26	130.73
383	1.00	131.68
384	0.69	128.41
385	0.39	67.23
386	0.61	32.33
387	0.96	-1.04
388	1.26	-19.2
389	1.60	-22.91
390	1.95	-12.77
391	2.11	-5.31
392	1.91	-3.38
393	1.72	-1.46
394	1.76	5.98
395	2.13	7.49
396	2.81	11.63
397	3.10	12.4
398	3.11	7.37
399	3.26	1.87
400	3.40	2.77
401	3.45	11.86
402	3.42	23.63
403	3.39	36.6
404	3.39	51.04
405	2.74	56.97
406	2.31	57.29
407	1.73	39.63
408	1.26	33.86
409	0.95	15.13
410	1.02	-5.35
411	1.10	-4.99
412	1.01	3.24
413	0.88	7.06
414	0.75	-12.02
415	0.84	-33.28
416	1.02	-54.33
417	1.37	-75.38
418	1.39	-80.66
419	1.28	-53.96
420	1.32	-54.23
421	1.17	-42.16
422	1.15	3.78
423	2.35	47.28
424	3.78	53.99
425	4.59	54.55
426	4.92	52.21
427	4.82	48.77
428	4.32	43.42
429	3.44	33.94
430	2.97	20.39
431	2.95	13.78
432	3.14	8.52
433	3.15	8.74
434	3.12	8.19
435	2.92	3.04
436	3.07	-2.22
437	3.07	-3.19
438	2.92	-6.2
439	2.77	-7.53
440	2.57	-7.99
441	2.36	-5.85
442	2.23	-3.27
443	2.08	-8.75
444	2.51	2.8
445	3.09	23.68
446	3.38	42.73
447	3.58	53.35
448	3.56	60.01
449	3.46	66.83
450	3.35	72.68
451	3.10	81.08
452	2.66	86.63
453	1.90	92.2
454	1.18	94.14
455	0.74	108.55
456	0.31	141.05
457	0.54	-134.1
458	0.71	-122.45
459	0.61	-112.34
460	0.50	-98.06
461	0.42	-69.46
462	0.46	-58.22
463	0.69	-55.85
464	0.99	-65.7
465	1.22	-71.42
466	1.26	-70.6
467	1.04	-69.76
468	0.88	-49.18
469	0.75	-30.13
470	0.63	-28.11
471	0.20	14.11
472	1.07	86.51
473	1.82	87.2
474	2.12	88.79
475	2.09	93.94
476	1.92	102.24
477	1.48	113.84
478	1.36	123.78
479	1.28	150.05
480	1.15	165.33
481	1.02	-176.32
482	0.70	-178.46
483	0.50	172.38
484	0.37	-111.79
485	0.88	-76.29
486	1.05	-70.37
487	1.09	-61.13
488	1.07	-57.49
489	1.00	-53.13
490	0.95	-53.74
491	0.75	-40.43
492	0.84	-57.06
493	0.67	-75.34
494	0.68	-115.96
495	0.70	-163.17
496	0.92	139.78
497	1.64	113.18
498	2.18	112.72
499	2.50	120.2
500	2.44	136.82
501	2.10	161.07
502	2.27	173.93
503	2.30	-175.13
504	2.16	-165.56
505	1.97	-156.91
506	1.74	-147.31
507	1.60	-139.1
508	1.50	-135.01
509	1.61	-133.24
510	1.68	-135.44
511	1.65	-136.77
512	1.51	-135.28
513	1.44	-134.26
514	1.34	-138.71
515	1.26	-127.62
516	0.97	-102.86
517	0.43	-65.5
518	0.61	25.65
519	1.06	39.35
520	1.55	46.95
521	2.10	52.71
522	2.45	52.41
523	2.60	51.7
524	2.50	57.27
525	2.09	65.48
526	1.40	49.81
527	1.27	4.57
528	1.63	-14.45
529	1.77	-6.06
530	1.76	14.15
531	1.81	28.24
532	1.90	30.32
533	1.84	24.22
534	1.81	16.38
535	1.68	2.78
536	1.69	-0.96
537	1.63	0.27
538	1.61	6.17
539	1.58	5.79
540	1.74	3.43
541	1.86	14.35
542	1.88	12.03
543	1.91	16.02
544	1.97	23.93
545	2.04	34.56
546	2.00	45.65
547	2.08	56.96
548	1.97	67.71
549	1.55	79.32
550	0.93	98.77
551	0.75	123.2
552	0.75	151.22
553	0.90	167.74
554	0.96	169.4
555	1.05	172.99
556	1.16	-177.13
557	1.19	-165.69
558	1.18	-153.69
559	1.10	-147.45
560	1.04	-125.4
561	0.94	-116.49
562	0.97	-110.88
563	1.17	-109.28
564	1.30	-97.8
565	1.19	-95.41
566	1.21	-104.57
567	1.07	-126.88
568	1.08	-166.05
569	1.78	159.22
570	2.61	147.24
571	3.39	143.81
572	3.46	146.89
573	3.05	155.77
574	3.08	164.86
575	3.18	177.69
576	3.27	-171.26
577	3.26	-160.47
578	3.18	-156.18
579	3.22	-152.88
580	3.08	-149.8
581	2.94	-146.83
582	2.68	-144.06
583	2.46	-140.71
584	2.17	-136.47
585	2.12	-133.57
586	1.92	-125.41
587	2.09	-114.2
588	1.84	-101.57
589	1.48	-93.75
590	1.26	-90.7
591	0.89	-93.54
592	0.53	-94.93
593	0.26	-112.31
594	0.38	179.36
595	0.76	171.33
596	1.43	168.61
597	1.71	173.05
598	2.06	-177.96
599	2.20	-147.18
600	2.05	-131.31
601	1.68	-128.36
602	1.94	-125.52
603	1.84	-125.74
604	1.74	-123.44
605	1.70	-110.55
606	1.69	-95.01
607	1.70	-85.66
608	1.63	-79.33
609	1.59	-76.28
610	1.72	-83.88
611	1.84	-96.43
612	1.74	-89.47
613	1.48	-88.5
614	1.29	-81.21
615	0.90	-69.46
616	0.63	-40.33
617	0.32	10.79
618	0.56	109.05
619	1.23	138.09
620	1.77	154.37
621	1.79	158.45
622	2.04	170.01
623	2.18	-171.71
624	2.20	-157.31
625	2.20	-149.04
626	2.03	-143.43
627	2.06	-140.89
628	2.01	-139.49
629	1.95	-131.24
630	1.53	-127.47
631	0.91	-125.06
632	0.78	-114.99
633	0.75	-117.47
634	0.64	-120.14
635	0.76	-103.99
636	0.95	-95.31
637	0.84	-83.86
638	0.60	-55.99
639	0.38	29.56
640	0.87	91.53
641	1.46	107.43
642	2.13	118.99
643	2.21	134.28
644	2.13	148.38
645	1.91	169.2
646	2.37	179
647	2.52	-162.3
648	2.48	-152.86
649	2.41	-148.34
650	2.23	-145.53
651	1.94	-140.4
652	1.84	-140.71
653	1.67	-141.82
654	1.53	-140.95
655	1.37	-135.95
656	1.37	-130.11
657	1.27	-127.42
658	1.46	-118.92
659	1.72	-111.87
660	2.09	-109.63
661	1.94	-110.25
662	2.03	-117.32
663	2.05	-123.17
664	1.91	-125.01
665	1.69	-117.41
666	1.48	-119.22
667	1.28	-135.45
668	1.41	-166.17
669	1.81	-173.09
670	2.56	-157.63
671	2.49	-133.8
672	2.12	-127.89
673	2.20	-124.66
674	2.10	-120.31
675	1.06	-99.69
676	0.84	-68.58
677	0.90	-34.7
678	1.15	-9.6
679	1.16	-1.69
680	1.18	-1.72
681	0.99	-3.76
682	1.04	-10.23
683	1.21	-23.73
684	1.61	-3.72
685	2.34	17.94
686	3.34	30.85
687	4.06	39.51
688	4.26	43.08
689	4.09	44.73
690	4.09	51.27
691	4.42	54.28
692	4.40	54.83
693	3.86	49.29
694	3.24	38.15
695	3.73	28.93
696	4.37	25.41
697	4.74	21.93
698	4.14	9.66
699	4.02	6.82
700	4.04	7.36
701	4.12	7.97
702	3.99	5.59
703	3.82	2.65
704	3.75	-2.09
705	3.57	-4.84
706	3.53	-5.87
707	3.13	-2.6
708	4.08	5.68
709	4.31	15.6
710	3.84	27.96
711	3.40	44.39
712	3.12	64.46
713	2.98	87.1
714	3.44	106.62
715	3.42	116.7
716	3.44	114.83
717	3.25	112.41
718	3.01	120.95
719	2.51	149.68
720	2.39	164.47
721	2.38	172.33
722	2.19	-177.87
723	2.37	-178.82
724	2.46	174.49
725	2.58	174.44
726	2.50	177.08
727	2.68	173.56
728	2.62	178.55
729	2.56	-174.84
730	2.76	-168.45
731	2.86	-159.55
732	2.95	-165.84
733	3.41	-174.91
734	3.90	-176.61
735	4.18	-176.9
736	4.50	-177.08
737	4.64	-178.93
738	4.73	177.67
739	5.04	174.84
740	5.14	175.66
741	4.74	177.43
742	4.20	-178.57
743	4.04	-177.28
744	4.15	-173.51