1	756260.69	7454294.82
1	5.71	70.92
2	6.07	76.67
3	6.00	78.35
4	5.96	77.94
5	5.52	78.14
6	5.11	80.36
7	4.50	76.91
8	4.79	81.38
9	4.89	82.98
10	4.70	82.24
11	4.71	81.18
12	4.79	79.68
13	4.67	79.33
14	4.65	79.85
15	4.73	80.79
16	4.40	81.8
17	4.14	80.77
18	3.85	79.26
19	3.47	80.66
20	2.73	74.28
21	2.31	59.42
22	2.29	45.61
23	2.26	34.2
24	2.17	17.35
25	2.08	8.12
26	1.76	3.18
27	1.66	1.45
28	1.65	-1.7
29	1.44	-5.43
30	1.25	-1.46
31	1.17	28.6
32	0.66	36.52
33	0.32	141.49
34	1.07	165.87
35	1.54	155.59
36	1.87	140.56
37	2.28	123.79
38	2.38	112.89
39	2.35	110.33
40	2.05	118.16
41	1.69	167.89
42	1.98	-145.53
43	2.28	-145.1
44	2.52	-154.08
45	2.30	-172.85
46	2.29	177.79
47	2.67	-172.79
48	2.42	-168.22
49	1.69	-165.43
50	1.34	-158.26
51	1.18	-150.8
52	1.17	-142.13
53	1.11	-131.05
54	1.22	-122.44
55	1.38	-131.1
56	1.74	-133.53
57	2.57	-145.09
58	3.28	-154.87
59	3.88	-156.65
60	3.85	-162.68
61	3.95	-171.72
62	4.32	-176.7
63	4.57	-175.6
64	4.65	-175.6
65	4.43	-175.13
66	4.61	-171.99
67	4.31	-171.86
68	4.58	-165.05
69	4.70	-158.31
70	4.69	-152.77
71	4.59	-148.05
72	4.39	-145.56
73	4.18	-141.71
74	3.94	-138.6
75	3.64	-135.23
76	3.43	-130.97
77	2.93	-129.51
78	2.72	-136.74
79	2.63	-127.03
80	1.86	-109.94
81	0.89	-78.59
82	1.06	-69.54
83	1.59	-74.3
84	1.80	-69.67
85	1.90	-69.03
86	1.62	-63.61
87	1.12	-56.27
88	0.42	-86.52
89	0.76	-118.14
90	1.43	-115.49
91	1.79	-117
92	2.36	-107.43
93	2.70	-101.52
94	2.88	-101.99
95	2.98	-102.65
96	2.95	-101.77
97	2.77	-100.07
98	2.67	-100.55
99	2.16	-98.11
100	1.79	-83.71
101	2.21	-83.06
102	2.88	-86
103	2.73	-88.13
104	2.29	-88.94
105	1.92	-87.2
106	1.82	-87.05
107	1.75	-90.94
108	1.71	-96.79
109	1.61	-101.63
110	1.58	-110.17
111	1.53	-119.91
112	1.46	-120.6
113	1.90	-114.24
114	2.27	-107.85
115	2.20	-102.81
116	2.18	-96.42
117	2.22	-101.08
118	2.54	-112.63
119	2.63	-114.88
120	2.47	-114.62
121	2.24	-116.81
122	2.23	-122.73
123	2.12	-126.07
124	2.08	-126.36
125	1.94	-122.72
126	1.83	-122.46
127	2.35	-146.45
128	2.48	-135.19
129	2.42	-131.61
130	2.65	-134.8
131	2.83	-137.09
132	3.02	-140.18
133	3.13	-142.86
134	3.32	-148.2
135	3.54	-152.72
136	3.62	-152.18
137	3.47	-148.1
138	3.48	-145.04
139	2.98	-140.13
140	3.06	-135.6
141	2.90	-131.94
142	2.81	-132.89
143	2.76	-131.74
144	2.96	-128.08
145	2.41	-120.47
146	1.81	-108.59
147	1.48	-94.54
148	1.29	-82.96
149	1.25	-81.58
150	1.33	-102.27
151	0.98	20.57
152	4.55	20.8
153	6.40	21.4
154	6.79	20.82
155	6.57	20.34
156	6.38	23.53
157	6.31	27.52
158	6.10	29.76
159	5.92	31.92
160	5.74	33.51
161	5.21	32.95
162	4.35	29.54
163	3.23	26.81
164	2.24	16.73
165	1.78	6.11
166	1.60	-3.25
167	1.61	-9.54
168	1.61	-11.47
169	1.56	-13.56
170	1.50	-15.23
171	1.45	-19.98
172	1.13	-36.09
173	0.97	-68.39
174	0.95	-97.66
175	0.95	-137.6
176	1.55	-140.26
177	1.76	-150.16
178	2.24	-154.72
179	2.42	-160.23
180	2.52	-170.55
181	2.60	-178.05
182	2.69	173.79
183	2.59	161.77
184	2.49	158.32
185	2.16	165.26
186	2.08	179.12
187	1.99	-158.33
188	2.54	-141.56
189	2.25	-121.16
190	0.99	-64.55
191	2.47	13.02
192	3.82	26.63
193	4.42	30.35
194	4.30	29.5
195	4.18	30.26
196	4.01	28.46
197	4.05	25.11
198	4.68	27.74
199	5.36	32.67
200	5.48	34.78
201	5.29	32.6
202	5.38	30.13
203	5.20	27.67
204	4.96	23.2
205	5.12	22.96
206	4.86	25.12
207	4.79	27.41
208	4.62	27.63
209	4.51	25.43
210	4.04	26.5
211	3.50	22.68
212	3.00	16.74
213	2.75	12.83
214	2.26	2.72
215	1.89	-5.56
216	1.70	-7.11
217	1.63	-4.11
218	1.91	-0.7
219	2.11	0.09
220	2.28	-3.7
221	2.27	-8.09
222	2.19	-16.34
223	2.65	-6.67
224	3.20	-2.9
225	3.58	6.86
226	3.49	15.55
227	3.11	26.9
228	2.66	38.84
229	2.65	56.51
230	2.98	66
231	3.48	70.66
232	3.18	74.78
233	3.11	73.57
234	3.45	74.56
235	3.70	51.95
236	3.85	46.47
237	3.59	40.03
238	3.43	32.29
239	2.85	27.19
240	1.84	13.06
241	1.01	-13.52
242	0.51	-57.63
243	0.38	-143.47
244	0.26	140.52
245	1.16	50.52
246	1.70	54.2
247	2.00	62.67
248	1.35	52.92
249	0.97	44.5
250	0.09	-90.01
251	1.34	-126.82
252	2.32	-118.39
253	2.10	-113.57
254	1.42	-160.64
255	2.14	174.7
256	2.65	174.09
257	2.73	176.66
258	2.66	179.01
259	2.36	-176.35
260	1.92	174.9
261	1.10	125.71
262	1.71	78.17
263	1.90	69.32
264	1.42	67.11
265	0.96	59.54
266	1.14	46.15
267	1.35	52.74
268	1.46	56.82
269	1.58	58.23
270	1.80	69.02
271	2.51	77.41
272	2.49	94.03
273	2.66	104.08
274	2.72	103.49
275	2.88	102.12
276	2.88	105.4
277	3.09	107.99
278	3.36	114.25
279	3.42	124.61
280	3.31	134.93
281	3.18	143.06
282	3.02	150.15
283	2.79	152.62
284	2.77	167.25
285	2.77	176.74
286	2.81	-176.43
287	2.84	-166.28
288	2.60	-158.65
289	2.43	-156.93
290	2.01	-156.56
291	1.64	-176.23
292	1.15	141.27
293	1.02	95.01
294	0.88	97.33
295	1.51	41.92
296	1.95	25.37
297	3.09	23.67
298	4.13	32.9
299	4.47	38.48
300	4.61	40.55
301	4.86	43.97
302	4.93	48.36
303	4.89	54.78
304	3.87	58.24
305	2.88	55.71
306	2.21	44.79
307	2.80	13.22
308	3.54	17.03
309	4.21	30.12
310	4.84	39.73
311	5.01	46.82
312	4.72	50.32
313	4.06	51.79
314	3.43	57.55
315	2.80	62.3
316	2.43	68.72
317	2.19	73.13
318	2.11	78.64
319	2.02	64.57
320	1.50	66.29
321	1.05	71.39
322	0.91	79.14
323	1.20	94.37
324	1.51	92.88
325	1.75	91.89
326	1.90	84.89
327	2.29	80.05
328	2.76	79.57
329	2.33	80.8
330	1.64	86.57
331	1.89	96.25
332	1.66	115.26
333	1.55	134.02
334	1.71	147.05
335	1.77	154.33
336	1.98	163.4
337	1.95	161.11
338	1.96	160.75
339	2.07	170.6
340	2.09	-177.84
341	2.19	-162.58
342	2.15	-152.37
343	1.26	-104.03
344	1.26	-95.51
345	1.42	-97.93
346	1.60	-113.19
347	1.38	-119.56
348	1.10	-133.14
349	0.95	-169.9
350	1.48	152.95
351	2.13	151.72
352	2.53	161.91
353	2.57	168.69
354	2.56	173.13
355	2.22	176.58
356	1.47	165.87
357	1.32	108.97
358	1.40	75.56
359	1.79	52.57
360	2.20	40.43
361	2.44	35.03
362	2.63	29.17
363	2.87	29.1
364	2.83	28.45
365	2.92	29.26
366	3.08	32.62
367	3.90	31.66
368	4.18	28.26
369	4.34	29.03
370	4.28	31.03
371	4.35	31.64
372	4.57	35.13
373	4.99	39.49
374	5.27	44.63
375	5.33	46.76
376	5.35	46.66
377	4.91	46.44
378	4.33	43.08
379	4.13	30.36
380	3.79	25.24
381	3.44	20.88
382	3.21	13.48
383	3.05	6.29
384	3.19	4.22
385	3.40	6.13
386	3.62	5.63
387	3.66	1.69
388	3.66	-0.95
389	3.55	-2.14
390	3.27	-3.31
391	3.74	1.11
392	3.93	7.41
393	3.87	7.25
394	3.54	11.79
395	3.22	18.19
396	2.91	23.51
397	2.74	30.86
398	2.95	45.31
399	3.13	58.5
400	2.77	70.02
401	2.18	80.01
402	1.48	93.65
403	1.19	77.38
404	0.94	62.38
405	1.07	45.01
406	1.13	42.28
407	1.32	27.57
408	1.36	7.38
409	1.86	-8.9
410	2.66	-4.39
411	3.32	3.49
412	3.52	6.56
413	3.53	7.02
414	3.65	13.13
415	4.06	13.15
416	4.54	15.04
417	4.75	11.62
418	4.74	5.29
419	4.82	1.79
420	4.89	1.57
421	4.85	6.97
422	4.82	18.21
423	4.79	31.8
424	4.85	42.19
425	4.41	45.2
426	3.85	43.16
427	3.41	37.89
428	2.93	30.98
429	2.44	23.52
430	2.19	16.18
431	2.20	10.79
432	2.28	11.99
433	2.16	11.99
434	2.01	6.96
435	2.01	-0.59
436	1.73	-17.67
437	1.59	-47.65
438	1.49	-61
439	1.38	-30.54
440	1.31	-20.25
441	1.31	-9.7
442	1.54	27.23
443	2.97	53.26
444	4.47	55.45
445	5.20	51.2
446	5.61	47.37
447	5.76	44.07
448	5.58	39.92
449	4.96	33.43
450	4.66	24.34
451	4.70	21.54
452	4.96	20.71
453	5.15	24.06
454	5.06	27.12
455	4.85	24.27
456	4.86	21.72
457	5.02	20.53
458	4.82	16.7
459	4.58	15.35
460	4.35	14.65
461	4.12	18.04
462	4.01	20.98
463	3.43	19.08
464	3.80	23.23
465	4.24	34.2
466	4.56	48.5
467	4.81	56.23
468	4.76	59.65
469	4.53	63.15
470	4.28	66.47
471	3.85	71.75
472	3.24	74.53
473	2.44	74.46
474	1.59	69.34
475	1.54	69.82
476	0.89	58.75
477	0.40	1.81
478	0.51	-31.48
479	0.59	-19.66
480	0.58	0.36
481	0.65	19.2
482	0.65	22.36
483	0.71	-4
484	0.89	-29.77
485	1.07	-46
486	1.22	-53.63
487	0.68	-30.85
488	0.95	-8.67
489	1.21	-1.58
490	1.23	-10.22
491	0.88	11.55
492	1.49	59.16
493	2.30	68.72
494	2.71	71.33
495	2.67	74.64
496	2.32	78.77
497	1.86	86.74
498	1.56	97.68
499	1.34	114.82
500	1.05	122.28
501	1.08	139.04
502	1.14	127.79
503	1.22	116.4
504	0.63	110.92
505	0.09	38.71
506	0.26	-20.19
507	0.49	-20.73
508	0.68	-23.75
509	0.81	-14.19
510	0.87	-10.48
511	0.58	7.15
512	0.58	-28.76
513	0.67	-69.61
514	0.82	-98.84
515	0.67	-133.5
516	0.64	145.25
517	1.64	108.52
518	2.27	107.55
519	2.51	114.1
520	2.39	129.54
521	2.28	153.19
522	2.34	171.08
523	2.45	179.17
524	2.45	-174.42
525	2.34	-170.42
526	2.13	-164.7
527	2.05	-152.06
528	2.02	-143.3
529	2.03	-138.28
530	2.21	-138.35
531	2.38	-139.5
532	2.41	-138.38
533	2.48	-138.43
534	2.55	-144.34
535	2.15	-139.26
536	1.61	-133.74
537	0.96	-132.49
538	0.26	-122.51
539	0.31	39.3
540	0.90	49.46
541	1.56	53.9
542	2.02	50.69
543	2.40	51.22
544	2.74	59.2
545	2.60	64.86
546	1.78	54.05
547	1.59	26.41
548	1.88	10.72
549	2.53	19.41
550	3.23	35.32
551	3.61	42.72
552	3.73	42.06
553	3.48	36.09
554	3.33	30.48
555	3.10	25.43
556	3.02	24.51
557	2.96	24.89
558	3.15	27.66
559	3.01	24.98
560	3.08	21.88
561	2.90	17.27
562	2.80	11.74
563	2.86	11.52
564	3.04	15.4
565	3.14	22.05
566	3.02	29.34
567	3.05	38.24
568	2.90	46.33
569	2.50	53.87
570	1.71	57.07
571	1.65	79.24
572	1.46	96.61
573	1.44	115.19
574	1.37	126.3
575	1.30	137.93
576	1.17	155.31
577	1.08	175.63
578	1.05	-162.64
579	1.22	-147.89
580	1.31	-125.54
581	1.24	-116.15
582	1.27	-106.8
583	1.33	-102.56
584	1.38	-85.74
585	1.48	-87.35
586	1.54	-103.28
587	1.49	-128.56
588	1.58	-163.95
589	2.34	166.25
590	3.31	154.96
591	4.14	152.07
592	4.50	153.9
593	4.40	159.98
594	4.28	167.51
595	4.25	178.04
596	4.31	-174.62
597	4.45	-164.97
598	4.65	-157.61
599	4.89	-152.24
600	4.82	-147.65
601	4.78	-143.53
602	4.64	-141.2
603	4.53	-139.89
604	4.23	-138.45
605	3.82	-137.73
606	3.44	-136.81
607	3.70	-134.7
608	3.40	-128.32
609	3.10	-123.53
610	2.85	-123.58
611	2.52	-126.42
612	1.99	-132.1
613	1.45	-144.21
614	1.47	-164.44
615	1.84	-169.7
616	2.46	-172.88
617	2.78	-166.69
618	2.96	-159.26
619	3.12	-142.31
620	3.01	-134.82
621	2.88	-129.01
622	2.99	-126.5
623	3.06	-127.78
624	3.13	-128.78
625	2.95	-124.73
626	2.84	-118.25
627	2.68	-111.46
628	2.35	-105.17
629	2.08	-102.79
630	1.94	-105.25
631	2.06	-122.33
632	1.80	-113.05
633	1.67	-109.52
634	1.46	-106.61
635	1.05	-113.46
636	0.61	-126.72
637	0.56	177.96
638	1.16	158.17
639	1.91	160.09
640	2.44	165.13
641	2.38	166.35
642	2.32	172.56
643	2.73	178.97
644	2.87	-164.36
645	3.16	-150.37
646	3.17	-143.79
647	3.02	-140.34
648	2.96	-139.31
649	3.07	-133.79
650	2.77	-129.85
651	2.31	-130.49
652	2.01	-131.52
653	1.92	-137.49
654	1.78	-144.66
655	1.73	-150.01
656	1.61	-139.26
657	1.50	-127.45
658	1.22	-117.57
659	0.65	-135.37
660	0.82	166.37
661	1.35	149.38
662	2.01	147.69
663	2.44	155.5
664	2.54	162.13
665	2.56	176.05
666	2.63	-172.46
667	2.73	-162.53
668	2.93	-157.56
669	3.26	-152.02
670	3.41	-151.01
671	3.48	-147.99
672	3.35	-145.59
673	3.04	-140.67
674	2.78	-137.36
675	2.52	-135.48
676	2.63	-135.11
677	2.82	-136.16
678	3.08	-131.8
679	2.87	-126.23
680	3.35	-122.31
681	3.24	-119.55
682	3.50	-122.33
683	3.72	-128.35
684	3.91	-133.64
685	3.83	-134.3
686	3.73	-136.78
687	3.68	-141.42
688	3.73	-147.39
689	3.91	-147.22
690	4.37	-145.01
691	4.32	-136.33
692	4.17	-130.96
693	4.00	-130.46
694	3.79	-130.49
695	3.50	-130.67
696	3.43	-130.42
697	2.43	-124.23
698	1.07	-91.58
699	0.74	-38.51
700	1.15	-5.74
701	1.18	8.01
702	1.22	7.49
703	1.33	-1.28
704	2.32	16.16
705	3.43	25.1
706	4.65	28.97
707	5.67	32.84
708	5.83	35.35
709	5.63	35.36
710	5.57	39.92
711	5.86	42.91
712	5.94	43.11
713	5.53	38.16
714	4.98	30.88
715	5.36	24.09
716	6.01	20.11
717	6.67	21.22
718	6.02	17.79
719	6.15	21.29
720	6.33	24.11
721	6.57	21.96