3	705218.14	7471693.79
1	1.06	52.32
2	0.92	34.08
3	0.83	1.13
4	0.69	-26.99
5	0.66	-26.14
6	0.59	-36.95
7	0.74	-44.41
8	0.68	-58.8
9	0.92	-66.23
10	1.03	-63.75
11	0.68	-59.21
12	0.74	-80.22
13	0.57	-107.36
14	0.36	-165.55
15	0.85	137.35
16	1.33	96.46
17	1.86	80.76
18	2.13	83.71
19	1.91	88.8
20	1.14	114.53
21	0.74	-170.25
22	1.73	-144.86
23	1.66	-148.5
24	1.50	-162.21
25	1.36	179.43
26	1.31	167.52
27	1.71	-178.74
28	1.21	-160.83
29	0.94	-153.9
30	0.81	-150.75
31	0.61	-134.14
32	0.81	-112.81
33	1.04	-104.59
34	1.35	-96.93
35	1.10	-89.35
36	1.00	-95.81
37	1.09	-111.46
38	1.51	-141.37
39	1.93	-150.68
40	1.74	-175.32
41	1.85	163.2
42	2.31	153.44
43	2.67	155.45
44	3.16	159.91
45	3.09	167.26
46	3.14	176.49
47	2.93	-175.04
48	2.67	-161.35
49	2.44	-151.63
50	1.84	-151.19
51	1.57	-148.13
52	1.57	-149.42
53	1.66	-141.99
54	1.72	-128.47
55	1.82	-115.99
56	2.03	-105.41
57	1.64	-100.04
58	1.15	-94.64
59	1.60	-93.62
60	1.45	-78.46
61	1.31	-68.21
62	1.96	-72.84
63	2.44	-71.02
64	2.42	-62.5
65	2.30	-50.05
66	2.03	-29.06
67	1.63	-6.81
68	0.77	24.13
69	0.23	168.18
70	1.27	-135.4
71	1.80	-122.87
72	2.01	-112.73
73	2.23	-102.88
74	2.41	-98.71
75	2.50	-95.84
76	2.43	-92.56
77	2.37	-89.96
78	2.33	-87.95
79	1.96	-77.21
80	1.99	-66.54
81	2.38	-75.93
82	2.60	-82.22
83	2.40	-87.93
84	2.23	-86.05
85	1.79	-84.55
86	1.75	-83.25
87	1.69	-82.69
88	1.43	-84.32
89	1.00	-85.16
90	0.72	-102.55
91	0.73	-136.58
92	1.05	-143.6
93	1.34	-146.55
94	1.88	-134.46
95	1.86	-120.27
96	1.85	-106.37
97	1.57	-93.13
98	1.54	-85.34
99	1.49	-75.9
100	1.55	-69.87
101	1.56	-67.63
102	1.58	-71.68
103	1.43	-74.25
104	1.25	-83.99
105	1.27	-89.22
106	1.37	-94.44
107	1.25	-102.39
108	1.44	-99.54
109	1.19	-100.6
110	1.13	-107.51
111	1.10	-113.35
112	1.00	-127.63
113	0.88	-140.29
114	0.95	-166.6
115	1.25	177.2
116	1.66	177.82
117	1.52	-174.63
118	1.85	-171.11
119	1.80	-149.61
120	2.03	-138.14
121	1.85	-128
122	1.85	-114.86
123	1.57	-94.46
124	1.37	-72.31
125	1.05	-57.05
126	1.00	-63.81
127	1.18	-65.65
128	1.58	-80.44
129	1.94	-82.77
130	1.18	-32.94
131	2.65	20.74
132	3.53	20.22
133	4.75	32.52
134	4.23	30.44
135	3.87	32.78
136	3.79	37.76
137	3.83	43.23
138	3.71	45.26
139	3.70	47.86
140	3.51	47.48
141	2.62	46.79
142	1.68	40.97
143	0.75	28.15
144	0.68	-49.45
145	1.18	-50.67
146	1.35	-49.45
147	1.35	-51.9
148	1.31	-56.61
149	1.17	-55.56
150	1.22	-57.21
151	1.22	-58.13
152	1.29	-68.09
153	1.35	-82.72
154	1.36	-92.53
155	1.14	-101.65
156	1.38	-112.62
157	1.17	-118.59
158	1.28	-118.1
159	1.10	-122.81
160	0.85	-144.18
161	0.83	-164.76
162	1.07	161.97
163	1.64	143.66
164	2.33	144.11
165	1.92	151.86
166	1.86	166.38
167	1.41	-166.28
168	0.47	-120.75
169	0.98	7.52
170	2.10	25.1
171	2.49	25.93
172	2.52	28.8
173	2.42	29.75
174	2.25	31.89
175	2.19	33.28
176	2.32	31.59
177	2.69	32.55
178	3.59	38.9
179	3.57	43.55
180	3.66	41.39
181	3.82	38
182	3.88	37.22
183	3.74	36.45
184	3.62	35.94
185	3.45	37.57
186	3.16	38.15
187	3.21	37.91
188	3.08	40.41
189	2.72	42.33
190	1.96	42.26
191	1.74	28.76
192	1.32	17.54
193	1.09	6.16
194	0.91	-9.87
195	0.89	-23
196	0.86	-20.85
197	1.17	-8.63
198	1.36	3.76
199	1.22	2.36
200	1.23	-8.8
201	1.24	-17.19
202	1.21	-29.18
203	1.53	-12.46
204	2.08	3.99
205	2.53	20.59
206	2.45	37.33
207	2.27	53.08
208	2.14	70.22
209	2.53	75.14
210	2.90	74.79
211	3.08	81.82
212	2.93	88.54
213	3.00	76.08
214	3.06	66.19
215	3.33	42.56
216	2.84	37.01
217	2.22	31.78
218	1.80	21.01
219	0.80	-2.06
220	0.55	-70.03
221	0.74	-85.58
222	0.78	-80.71
223	0.35	-63.23
224	0.46	7.52
225	0.82	16.48
226	0.66	24.28
227	0.57	25.13
228	0.46	-38.4
229	0.58	-114.71
230	1.22	-134.41
231	1.74	-115.03
232	2.27	-88.68
233	1.45	-86.69
234	0.67	-116.22
235	0.82	-178.86
236	1.66	158.17
237	1.90	152.52
238	1.99	145.72
239	1.35	120.86
240	1.64	62.26
241	1.88	50.44
242	1.94	46.96
243	1.28	39.39
244	0.77	33.56
245	0.65	29.66
246	0.72	37.24
247	0.84	40.21
248	0.69	39.97
249	0.69	40.45
250	0.69	64.1
251	1.15	76.6
252	1.42	113.31
253	1.71	110.76
254	1.97	111.62
255	2.15	112.62
256	2.13	117.95
257	2.44	115.42
258	2.71	120.91
259	2.94	131.18
260	2.92	139.65
261	2.81	144.52
262	2.50	150.31
263	2.25	157.81
264	1.93	168
265	2.06	168.35
266	1.74	170.4
267	1.31	173.28
268	0.81	177.57
269	0.51	-169.84
270	0.20	139.51
271	0.42	51.97
272	0.81	50.08
273	0.98	47.51
274	0.82	42.06
275	1.33	17.35
276	1.97	17.9
277	2.70	34.61
278	3.41	45.88
279	3.70	50.53
280	4.03	53.9
281	4.02	58.46
282	3.88	63.2
283	3.59	67.66
284	2.74	69.9
285	1.89	64.8
286	1.42	31.57
287	1.96	12.82
288	2.37	19.79
289	2.73	26.29
290	3.05	29.91
291	3.10	32.86
292	3.06	32.35
293	2.81	33.36
294	2.41	32.12
295	2.03	27.75
296	1.68	27.39
297	1.45	30.4
298	1.18	39.19
299	0.85	39.33
300	0.84	32.45
301	0.84	47.97
302	1.10	60.71
303	1.26	68.1
304	1.43	70
305	1.70	78.76
306	1.89	81.91
307	2.08	76.47
308	2.03	73.5
309	1.52	79.8
310	1.07	87.5
311	1.04	74.5
312	0.66	99.57
313	0.59	126.13
314	0.74	132.28
315	0.87	143.47
316	0.93	172.45
317	0.84	179.96
318	0.83	-171.72
319	0.81	-158.57
320	0.88	-144.19
321	1.03	-123.42
322	1.00	-103
323	1.01	-54.85
324	1.00	-71.06
325	1.10	-101.32
326	1.32	-104.33
327	1.18	-93.52
328	1.29	-81.34
329	0.82	-78.64
330	0.17	-159.3
331	0.99	149.03
332	2.25	151.95
333	2.25	154.1
334	1.95	151.38
335	1.02	113.93
336	1.28	56.55
337	1.89	49.32
338	2.11	43.63
339	1.88	32.65
340	1.67	31.89
341	1.59	35.6
342	1.50	33.99
343	1.48	34.1
344	1.40	29.89
345	1.51	30.36
346	1.68	36.04
347	2.21	32.82
348	2.55	34.72
349	2.71	37.05
350	2.82	38.65
351	2.83	40.38
352	3.17	48.67
353	3.58	54.19
354	3.87	58.13
355	3.86	59.9
356	3.55	60.96
357	3.07	59.33
358	2.34	56.65
359	1.88	43.76
360	1.38	37.73
361	1.07	17.97
362	1.16	3.96
363	1.19	-4.68
364	1.45	-0.27
365	1.51	0.1
366	1.51	-6.82
367	1.51	-16.49
368	1.51	-24.11
369	1.52	-29.34
370	1.34	-36.78
371	1.63	-18.08
372	1.50	-15.59
373	1.84	-9.74
374	1.58	-4.37
375	1.23	7.21
376	1.04	36.47
377	1.12	63.03
378	1.60	81.03
379	2.09	90.91
380	2.13	102.26
381	1.85	114.74
382	1.35	129.07
383	1.25	121.01
384	1.04	106.33
385	0.87	76.93
386	1.09	43.81
387	1.09	3.8
388	1.19	-16.19
389	1.43	-18.47
390	1.65	-11.93
391	1.69	-5.43
392	1.53	-8.33
393	1.45	-7.84
394	1.48	3.61
395	1.91	4.06
396	2.39	7.84
397	2.48	5.59
398	2.52	2.02
399	2.79	-2.96
400	2.95	0.17
401	3.02	12.01
402	2.88	28.44
403	3.05	45.04
404	3.17	58.72
405	2.57	64.09
406	1.90	66.46
407	1.37	58.06
408	1.05	52.72
409	0.80	28.54
410	0.96	-2.18
411	1.03	-11.74
412	0.86	-0.15
413	0.75	1.86
414	0.69	-23.67
415	0.84	-45.93
416	1.19	-59.26
417	1.60	-72.7
418	1.64	-73.57
419	1.54	-53.38
420	1.53	-57.28
421	1.38	-52.93
422	1.20	-20.5
423	2.09	37.58
424	3.76	51.59
425	4.71	55.97
426	5.00	56.48
427	4.68	53.28
428	4.01	48.35
429	3.11	40.81
430	2.48	28.02
431	2.44	21.23
432	2.63	12.46
433	2.59	8.25
434	2.57	4.09
435	2.41	-4.85
436	2.38	-11.01
437	2.33	-13.64
438	2.18	-16.38
439	2.02	-16.44
440	1.83	-16.96
441	1.64	-10.83
442	1.57	-5.96
443	1.55	-16.89
444	2.00	-2.48
445	2.48	19.62
446	2.76	44.39
447	3.00	55.84
448	3.07	62.71
449	3.09	69.68
450	3.10	78.01
451	3.07	88.86
452	2.67	94.45
453	1.89	98
454	1.17	101.33
455	1.10	108.01
456	0.75	140.67
457	0.80	-171.58
458	0.85	-157.37
459	0.61	-146.9
460	0.40	-109.62
461	0.38	-67.94
462	0.53	-56.21
463	0.83	-53.73
464	1.19	-62.38
465	1.33	-69.37
466	1.46	-65.09
467	1.20	-65.04
468	1.00	-49.6
469	0.96	-43.1
470	0.83	-44.85
471	0.28	-34.79
472	0.86	81.08
473	1.55	86.03
474	1.85	90.52
475	1.98	97.76
476	1.90	108.47
477	1.46	117.49
478	1.45	120.09
479	1.46	135.19
480	1.24	149.33
481	0.98	173.46
482	0.69	171.11
483	0.62	170.43
484	0.54	-116.2
485	1.14	-80.89
486	1.32	-71.24
487	1.30	-61.49
488	1.27	-56.26
489	1.16	-50
490	1.07	-48.6
491	0.98	-41.41
492	0.97	-55.06
493	0.87	-75.35
494	0.74	-110.19
495	0.71	-155.11
496	0.71	150.57
497	1.39	116.44
498	1.91	117.37
499	2.30	126.42
500	2.33	143.38
501	2.08	159.54
502	2.02	167.49
503	2.08	175.57
504	2.06	-176.81
505	1.88	-164.71
506	1.69	-152.73
507	1.73	-136.5
508	1.60	-130.98
509	1.70	-126.5
510	1.73	-127.09
511	1.65	-126.36
512	1.49	-123.1
513	1.39	-121.69
514	1.12	-120.74
515	1.06	-112.52
516	0.95	-82.94
517	0.76	-55.36
518	0.76	-20.63
519	1.02	3.39
520	1.45	27.55
521	2.16	46.68
522	2.60	53.81
523	2.71	57.03
524	2.54	63.59
525	1.91	70.62
526	1.54	68.94
527	1.20	17.91
528	1.54	-6.36
529	1.71	-5.79
530	1.63	9.99
531	1.53	30.06
532	1.62	39.85
533	1.51	35.89
534	1.35	24.42
535	1.19	0.63
536	1.07	-7.28
537	1.09	-1.65
538	1.07	-1.75
539	1.18	-9.53
540	1.35	-6.89
541	1.37	4.94
542	1.48	1.64
543	1.54	9.02
544	1.62	19.97
545	1.64	35.35
546	1.65	49.59
547	1.78	62.4
548	1.78	75.06
549	1.48	85.87
550	1.32	101.65
551	1.08	122.41
552	0.88	137.38
553	0.90	152.08
554	0.95	151.05
555	1.01	157.85
556	1.10	169.42
557	1.09	-173.69
558	1.07	-150.7
559	0.99	-133.55
560	0.79	-110.23
561	0.76	-98
562	0.87	-92.5
563	1.06	-91.85
564	1.27	-90.03
565	1.28	-89.97
566	1.38	-91.82
567	1.22	-104.45
568	0.93	-138.79
569	1.27	167.03
570	1.96	148.51
571	2.76	143.24
572	3.23	144.46
573	2.92	151.95
574	2.72	162.54
575	2.76	172.19
576	2.76	-178.73
577	2.82	-164.23
578	2.73	-155.92
579	2.54	-153.15
580	2.54	-148.96
581	2.53	-143.94
582	2.26	-139.02
583	2.08	-132.42
584	1.85	-124.26
585	1.86	-119.67
586	1.80	-110.54
587	1.92	-99.84
588	1.78	-89.69
589	1.69	-85.9
590	1.85	-86.27
591	1.67	-88.53
592	1.60	-88.72
593	1.48	-89.09
594	1.14	-96.94
595	0.99	-115.37
596	1.18	-164.18
597	1.66	173
598	2.24	-176.79
599	2.51	-149.95
600	2.31	-135.87
601	1.95	-131.09
602	2.04	-123.62
603	1.78	-116.59
604	1.54	-105.49
605	1.64	-89.44
606	1.85	-76.46
607	1.98	-71.43
608	1.96	-68.1
609	1.97	-65.96
610	2.11	-73.1
611	1.94	-86.28
612	2.02	-82.02
613	1.81	-83.76
614	1.87	-79.86
615	1.76	-71.16
616	1.58	-60.33
617	1.12	-56.78
618	0.42	-68.28
619	0.51	171.81
620	1.50	158.58
621	1.66	156.6
622	1.98	164.69
623	1.94	179.45
624	1.88	-166.02
625	1.83	-154.57
626	1.80	-146.29
627	1.88	-139.05
628	1.78	-132.72
629	1.67	-119.26
630	1.14	-107.73
631	0.62	-88.75
632	0.71	-74.34
633	0.72	-76.63
634	0.68	-77.75
635	0.93	-75.14
636	1.14	-83.04
637	1.04	-84.83
638	0.95	-76.32
639	0.41	-58.77
640	0.33	104.55
641	0.92	117.13
642	1.80	124.44
643	2.32	135.54
644	2.53	148.49
645	2.15	165.87
646	2.31	176.78
647	2.37	-171.6
648	2.35	-158.32
649	2.20	-146.71
650	1.99	-141.96
651	1.58	-134.66
652	1.46	-139.1
653	1.37	-146.51
654	1.30	-147.64
655	1.28	-134.36
656	1.24	-115.58
657	1.15	-108.26
658	1.42	-99.57
659	2.01	-100.75
660	2.17	-103.61
661	2.05	-106.26
662	2.28	-108.46
663	2.44	-107
664	2.36	-102.97
665	2.34	-93.86
666	2.17	-95.23
667	1.78	-106.53
668	1.44	-149.17
669	1.73	-174.14
670	2.45	-162.99
671	2.49	-137.46
672	2.25	-129.49
673	2.15	-118.26
674	1.60	-103.26
675	0.86	-53.83
676	1.03	-21.86
677	1.24	-12.85
678	1.33	-12.67
679	1.23	-14.5
680	1.19	-17.82
681	1.07	-21.41
682	1.20	-20.91
683	1.32	-24.05
684	1.69	-6.01
685	2.29	15.91
686	3.19	30.13
687	3.83	39.81
688	3.96	43.51
689	3.72	46.58
690	3.86	54.21
691	4.42	56.43
692	4.45	56.49
693	3.89	51.83
694	3.23	43.52
695	3.63	35.67
696	4.16	30.81
697	3.95	25.68
698	3.55	13.71
699	3.20	7.51
700	3.17	6.39
701	3.35	8.37
702	3.27	7.35
703	2.95	4.15
704	2.93	-3.17
705	2.99	-5.5
706	2.84	-5.93
707	2.52	0.86
708	3.36	7.24
709	3.90	21.3
710	3.63	35.21
711	3.26	52.85
712	3.03	68.54
713	3.04	86.25
714	3.42	103.17
715	3.66	114.74
716	3.27	115.51
717	3.05	120.38
718	2.95	136.33
719	2.49	153.84
720	2.33	161.31
721	2.01	166.43
722	2.04	170.14
723	2.05	170.05
724	1.85	167.55
725	1.97	168.71
726	1.99	172.38
727	2.28	171.66
728	2.13	177.16
729	2.05	-173.15
730	2.30	-164.09
731	2.29	-154.41
732	2.26	-160.86
733	3.02	-171.67
734	3.54	-174.39
735	3.77	-177.05
736	4.01	-179.02
737	3.99	178.53
738	4.05	176.89
739	4.37	170.07
740	4.45	173.3
741	4.05	174.34
742	3.54	177.2
743	3.38	178.82
744	3.58	-178.76