0.0000	-0.1173
1800.0000	-0.0088
3600.0000	0.0933
5400.0000	0.1788
7200.0000	0.2384
9000.0000	0.2664
10800.0000	0.2638
12600.0000	0.2331
14400.0000	0.1812
16200.0000	0.1140
18000.0000	0.0380
19800.0000	-0.0409
21600.0000	-0.1209
23400.0000	-0.2022
25200.0000	-0.2856
27000.0000	-0.3706
28800.0000	-0.4563
30600.0000	-0.5386
32400.0000	-0.6097
34200.0000	-0.6615
36000.0000	-0.6848
37800.0000	-0.6702
39600.0000	-0.6163
41400.0000	-0.5232
43200.0000	-0.3972
45000.0000	-0.2513
46800.0000	-0.0972
48600.0000	0.0484
50400.0000	0.1730
52200.0000	0.2665
54000.0000	0.3244
55800.0000	0.3487
57600.0000	0.3431
59400.0000	0.3156
61200.0000	0.2749
63000.0000	0.2272
64800.0000	0.1758
66600.0000	0.1231
68400.0000	0.0686
70200.0000	0.0096
72000.0000	-0.0554
73800.0000	-0.1254
75600.0000	-0.1951
77400.0000	-0.2592
79200.0000	-0.3108
81000.0000	-0.3382
82800.0000	-0.3339
84600.0000	-0.2968
86400.0000	-0.2288
88200.0000	-0.1363
90000.0000	-0.0293
91800.0000	0.0792
93600.0000	0.1725
95400.0000	0.2407
97200.0000	0.2773
99000.0000	0.2779
100800.0000	0.2474
102600.0000	0.1912
104400.0000	0.1188
106200.0000	0.0375
108000.0000	-0.0466
109800.0000	-0.1287
111600.0000	-0.2069
113400.0000	-0.2848
115200.0000	-0.3643
117000.0000	-0.4441
118800.0000	-0.5228
120600.0000	-0.5956
122400.0000	-0.6531
124200.0000	-0.6873
126000.0000	-0.6879
127800.0000	-0.6493
129600.0000	-0.5702
131400.0000	-0.4533
133200.0000	-0.3099
135000.0000	-0.1529
136800.0000	0.0010
138600.0000	0.1377
140400.0000	0.2459
142200.0000	0.3170
144000.0000	0.3512
145800.0000	0.3526
147600.0000	0.3284
149400.0000	0.2869
151200.0000	0.2384
153000.0000	0.1881
154800.0000	0.1386
156600.0000	0.0896
158400.0000	0.0381
160200.0000	-0.0172
162000.0000	-0.0790
163800.0000	-0.1448
165600.0000	-0.2086
167400.0000	-0.2642
169200.0000	-0.3024
171000.0000	-0.3135
172800.0000	-0.2921
174600.0000	-0.2387
176400.0000	-0.1557
178200.0000	-0.0561
180000.0000	0.0492
181800.0000	0.1463
183600.0000	0.2213
185400.0000	0.2657
187200.0000	0.2747
189000.0000	0.2505
190800.0000	0.1982
192600.0000	0.1261
194400.0000	0.0447
196200.0000	-0.0393
198000.0000	-0.1211
199800.0000	-0.1987
201600.0000	-0.2713
203400.0000	-0.3431
205200.0000	-0.4151
207000.0000	-0.4875
208800.0000	-0.5566
210600.0000	-0.6154
212400.0000	-0.6561
214200.0000	-0.6688
216000.0000	-0.6448
217800.0000	-0.5816
219600.0000	-0.4827
221400.0000	-0.3521
223200.0000	-0.2016
225000.0000	-0.0471
226800.0000	0.0955
228600.0000	0.2136
230400.0000	0.2976
232200.0000	0.3454
234000.0000	0.3578
235800.0000	0.3432
237600.0000	0.3086
239400.0000	0.2659
241200.0000	0.2218
243000.0000	0.1796
244800.0000	0.1411
246600.0000	0.1037
248400.0000	0.0641
250200.0000	0.0195
252000.0000	-0.0306
253800.0000	-0.0820
255600.0000	-0.1306
257400.0000	-0.1669
259200.0000	-0.1833
261000.0000	-0.1739
262800.0000	-0.1346
264600.0000	-0.0681
266400.0000	0.0195
268200.0000	0.1168
270000.0000	0.2105
271800.0000	0.2886
273600.0000	0.3396
275400.0000	0.3582
277200.0000	0.3439
279000.0000	0.3023
280800.0000	0.2388
282600.0000	0.1648
284400.0000	0.0862
286200.0000	0.0100
288000.0000	-0.0608
289800.0000	-0.1273
291600.0000	-0.1915
293400.0000	-0.2542
295200.0000	-0.3175
297000.0000	-0.3815
298800.0000	-0.4391
300600.0000	-0.4854
302400.0000	-0.5101
304200.0000	-0.5044
306000.0000	-0.4643
307800.0000	-0.3850
309600.0000	-0.2758
311400.0000	-0.1440
313200.0000	-0.0029
315000.0000	0.1335
316800.0000	0.2533
318600.0000	0.3442
320400.0000	0.4015
322200.0000	0.4248
324000.0000	0.4235
325800.0000	0.3988
327600.0000	0.3636
329400.0000	0.3264
331200.0000	0.2909
333000.0000	0.2572
334800.0000	0.2301
336600.0000	0.2038
338400.0000	0.1745
340200.0000	0.1375
342000.0000	0.0985
343800.0000	0.0579
345600.0000	0.0244
347400.0000	0.0027
349200.0000	0.0011
351000.0000	0.0246
352800.0000	0.0732
354600.0000	0.1409
356400.0000	0.2225
358200.0000	0.3040
360000.0000	0.3753
361800.0000	0.4271
363600.0000	0.4512
365400.0000	0.4444
367200.0000	0.4118
369000.0000	0.3569
370800.0000	0.2900
372600.0000	0.2167
374400.0000	0.1446
376200.0000	0.0797
378000.0000	0.0199
379800.0000	-0.0370
381600.0000	-0.0944
383400.0000	-0.1531
385200.0000	-0.2145
387000.0000	-0.2731
388800.0000	-0.3259
390600.0000	-0.3648
392400.0000	-0.3786
394200.0000	-0.3676
396000.0000	-0.3226
397800.0000	-0.2470
399600.0000	-0.1466
401400.0000	-0.0316
403200.0000	0.0835
405000.0000	0.1885
406800.0000	0.2731
408600.0000	0.3306
410400.0000	0.3565
412200.0000	0.3605
414000.0000	0.3424
415800.0000	0.3130
417600.0000	0.2806
419400.0000	0.2518
421200.0000	0.2241
423000.0000	0.2017
424800.0000	0.1814
426600.0000	0.1617
428400.0000	0.1355
430200.0000	0.1050
432000.0000	0.0693
433800.0000	0.0375
435600.0000	0.0115
437400.0000	0.0000
439200.0000	0.0065
441000.0000	0.0345
442800.0000	0.0791
444600.0000	0.1388
446400.0000	0.2039
448200.0000	0.2639
450000.0000	0.3110
451800.0000	0.3370
453600.0000	0.3399
455400.0000	0.3182
457200.0000	0.2771
459000.0000	0.2243
460800.0000	0.1633
462600.0000	0.1028
464400.0000	0.0468
466200.0000	-0.0048
468000.0000	-0.0536
469800.0000	-0.1006
471600.0000	-0.1505
473400.0000	-0.2050
475200.0000	-0.2613
477000.0000	-0.3154
478800.0000	-0.3622
480600.0000	-0.3924
482400.0000	-0.4018
484200.0000	-0.3843
486000.0000	-0.3398
487800.0000	-0.2721
489600.0000	-0.1880
491400.0000	-0.0967
493200.0000	-0.0084
495000.0000	0.0649
496800.0000	0.1205
498600.0000	0.1512
500400.0000	0.1620
502200.0000	0.1540
504000.0000	0.1349
505800.0000	0.1122
507600.0000	0.0907
509400.0000	0.0724
511200.0000	0.0577
513000.0000	0.0457
514800.0000	0.0342
516600.0000	0.0186
518400.0000	-0.0027
520200.0000	-0.0264
522000.0000	-0.0527
523800.0000	-0.0764
525600.0000	-0.0913
527400.0000	-0.0930
529200.0000	-0.0777
531000.0000	-0.0475
532800.0000	-0.0049
534600.0000	0.0450
536400.0000	0.0957
538200.0000	0.1401
540000.0000	0.1696
541800.0000	0.1842
543600.0000	0.1805
545400.0000	0.1620
547200.0000	0.1344
549000.0000	0.0981
550800.0000	0.0598
552600.0000	0.0228
554400.0000	-0.0107
556200.0000	-0.0438
558000.0000	-0.0769
559800.0000	-0.1129
561600.0000	-0.1552
563400.0000	-0.2020
565200.0000	-0.2496
567000.0000	-0.2967
568800.0000	-0.3338
570600.0000	-0.3566
572400.0000	-0.3601
574200.0000	-0.3423
576000.0000	-0.3025
577800.0000	-0.2463
579600.0000	-0.1798
581400.0000	-0.1094
583200.0000	-0.0443
585000.0000	0.0096
586800.0000	0.0479
588600.0000	0.0712
590400.0000	0.0815
592200.0000	0.0815
594000.0000	0.0759
595800.0000	0.0683
597600.0000	0.0636
599400.0000	0.0606
601200.0000	0.0579
603000.0000	0.0555
604800.0000	0.0514
606600.0000	0.0402
608400.0000	0.0256
610200.0000	0.0070
612000.0000	-0.0114
613800.0000	-0.0267
615600.0000	-0.0342
617400.0000	-0.0292
619200.0000	-0.0115
621000.0000	0.0178
622800.0000	0.0547
624600.0000	0.0972
626400.0000	0.1393
628200.0000	0.1750
630000.0000	0.2037
631800.0000	0.2213
633600.0000	0.2285
635400.0000	0.2284
637200.0000	0.2231
639000.0000	0.2145
640800.0000	0.2030
642600.0000	0.1907
644400.0000	0.1755
646200.0000	0.1563
648000.0000	0.1313
649800.0000	0.0986
651600.0000	0.0584
653400.0000	0.0133
655200.0000	-0.0336
657000.0000	-0.0784
658800.0000	-0.1143
660600.0000	-0.1360
662400.0000	-0.1429
664200.0000	-0.1322
666000.0000	-0.1054
667800.0000	-0.0660
669600.0000	-0.0189
671400.0000	0.0302
673200.0000	0.0773
675000.0000	0.1173
676800.0000	0.1493
678600.0000	0.1730
680400.0000	0.1886
682200.0000	0.1996
684000.0000	0.2060
685800.0000	0.2114
687600.0000	0.2153
689400.0000	0.2168
691200.0000	0.2146
693000.0000	0.2086
694800.0000	0.1970
696600.0000	0.1799
698400.0000	0.1578
700200.0000	0.1336
702000.0000	0.1098
703800.0000	0.0902
705600.0000	0.0784
707400.0000	0.0755
709200.0000	0.0834
711000.0000	0.1000
712800.0000	0.1250
714600.0000	0.1551
716400.0000	0.1874
718200.0000	0.2196
720000.0000	0.2503
721800.0000	0.2777
723600.0000	0.2992
725400.0000	0.3178
727200.0000	0.3335
729000.0000	0.3450
730800.0000	0.3501
732600.0000	0.3499
734400.0000	0.3415
736200.0000	0.3238
738000.0000	0.2954
739800.0000	0.2561
741600.0000	0.2085
743400.0000	0.1552
745200.0000	0.0996
747000.0000	0.0467
748800.0000	0.0025
750600.0000	-0.0298
752400.0000	-0.0492
754200.0000	-0.0511
756000.0000	-0.0401
757800.0000	-0.0176
759600.0000	0.0133
761400.0000	0.0515
763200.0000	0.0900
765000.0000	0.1273
766800.0000	0.1628
768600.0000	0.1942
770400.0000	0.2208
772200.0000	0.2413
774000.0000	0.2571
775800.0000	0.2674
777600.0000	0.2712
779400.0000	0.2686
781200.0000	0.2565
783000.0000	0.2370
784800.0000	0.2101
786600.0000	0.1787
788400.0000	0.1435
790200.0000	0.1062
792000.0000	0.0713
793800.0000	0.0421
795600.0000	0.0189
797400.0000	0.0056
799200.0000	0.0037
801000.0000	0.0135
802800.0000	0.0330
804600.0000	0.0636
806400.0000	0.1005
808200.0000	0.1433
810000.0000	0.1922
811800.0000	0.2422
813600.0000	0.2909
815400.0000	0.3354
817200.0000	0.3757
819000.0000	0.4067
820800.0000	0.4305
822600.0000	0.4395
824400.0000	0.4305
826200.0000	0.4108
828000.0000	0.3769
829800.0000	0.3292
831600.0000	0.2706
833400.0000	0.2083
835200.0000	0.1456
837000.0000	0.0858
838800.0000	0.0324
840600.0000	-0.0124
842400.0000	-0.0437
844200.0000	-0.0609
846000.0000	-0.0634
847800.0000	-0.0527
849600.0000	-0.0336
851400.0000	-0.0043
853200.0000	0.0331
855000.0000	0.0724
856800.0000	0.1144
858600.0000	0.1514
860400.0000	0.1800
862200.0000	0.2016
864000.0000	0.2132
865800.0000	0.2108
867600.0000	0.1991
869400.0000	0.1746
871200.0000	0.1415
873000.0000	0.0979
874800.0000	0.0478
876600.0000	-0.0069
878400.0000	-0.0634
880200.0000	-0.1192
882000.0000	-0.1701
883800.0000	-0.2142
885600.0000	-0.2505
887400.0000	-0.2731
889200.0000	-0.2828
891000.0000	-0.2772
892800.0000	-0.2546
894600.0000	-0.2166
896400.0000	-0.1652
898200.0000	-0.1027
900000.0000	-0.0305
901800.0000	0.0448
903600.0000	0.1179
905400.0000	0.1847
907200.0000	0.2369
909000.0000	0.2764
910800.0000	0.3027
912600.0000	0.3066
914400.0000	0.2906
916200.0000	0.2605
918000.0000	0.2174
919800.0000	0.1605
921600.0000	0.0931
923400.0000	0.0210
925200.0000	-0.0502
927000.0000	-0.1181
928800.0000	-0.1798
930600.0000	-0.2293
932400.0000	-0.2655
934200.0000	-0.2852
936000.0000	-0.2824
937800.0000	-0.2633
939600.0000	-0.2298
941400.0000	-0.1816
943200.0000	-0.1267
945000.0000	-0.0668
946800.0000	-0.0066
948600.0000	0.0458
950400.0000	0.0851
952200.0000	0.1131
954000.0000	0.1237
955800.0000	0.1175
957600.0000	0.0923
959400.0000	0.0537
961200.0000	0.0045
963000.0000	-0.0527
964800.0000	-0.1155
966600.0000	-0.1826
968400.0000	-0.2493
970200.0000	-0.3131
972000.0000	-0.3707
973800.0000	-0.4219
975600.0000	-0.4595
977400.0000	-0.4815
979200.0000	-0.4839
981000.0000	-0.4656
982800.0000	-0.4234
984600.0000	-0.3606
986400.0000	-0.2821
988200.0000	-0.1879
990000.0000	-0.0856
991800.0000	0.0164
993600.0000	0.1115
995400.0000	0.1932
997200.0000	0.2586
999000.0000	0.3045
1000800.0000	0.3273
1002600.0000	0.3264
1004400.0000	0.3056
1006200.0000	0.2647
1008000.0000	0.2108
1009800.0000	0.1446
1011600.0000	0.0705
1013400.0000	-0.0064
1015200.0000	-0.0812
1017000.0000	-0.1523
1018800.0000	-0.2126
1020600.0000	-0.2615
1022400.0000	-0.2916
1024200.0000	-0.3025
1026000.0000	-0.2918
1027800.0000	-0.2622
1029600.0000	-0.2131
1031400.0000	-0.1500
1033200.0000	-0.0790
1035000.0000	-0.0088
1036800.0000	0.0573
1038600.0000	0.1097
1040400.0000	0.1425
1042200.0000	0.1557
1044000.0000	0.1485
1045800.0000	0.1210
1047600.0000	0.0724
1049400.0000	0.0101
1051200.0000	-0.0642
1053000.0000	-0.1452
1054800.0000	-0.2308
1056600.0000	-0.3181
1058400.0000	-0.4016
1060200.0000	-0.4808
1062000.0000	-0.5492
1063800.0000	-0.6047
1065600.0000	-0.6420
1067400.0000	-0.6562
1069200.0000	-0.6461
1071000.0000	-0.6079
1072800.0000	-0.5413
1074600.0000	-0.4522
1076400.0000	-0.3454
1078200.0000	-0.2269
1080000.0000	-0.1064
1081800.0000	0.0080
1083600.0000	0.1066
1085400.0000	0.1864
1087200.0000	0.2437
1089000.0000	0.2750
1090800.0000	0.2796
1092600.0000	0.2642
1094400.0000	0.2270
1096200.0000	0.1750
1098000.0000	0.1118
1099800.0000	0.0371
1101600.0000	-0.0433
1103400.0000	-0.1258
1105200.0000	-0.2055
1107000.0000	-0.2771
1108800.0000	-0.3384
1110600.0000	-0.3804
1112400.0000	-0.3990
1114200.0000	-0.3927
1116000.0000	-0.3634
1117800.0000	-0.3100
1119600.0000	-0.2381
1121400.0000	-0.1545
1123200.0000	-0.0710
1125000.0000	0.0070
1126800.0000	0.0724
1128600.0000	0.1174
1130400.0000	0.1368
1132200.0000	0.1323
1134000.0000	0.1040
1135800.0000	0.0532
1137600.0000	-0.0156
1139400.0000	-0.0959
1141200.0000	-0.1849
1143000.0000	-0.2794
1144800.0000	-0.3811
1146600.0000	-0.4767
1148400.0000	-0.5685
1150200.0000	-0.6505
1152000.0000	-0.7182
1153800.0000	-0.7658
1155600.0000	-0.7892
1157400.0000	-0.7835
1159200.0000	-0.7477
1161000.0000	-0.6798
1162800.0000	-0.5844
1164600.0000	-0.4672
1166400.0000	-0.3357
1168200.0000	-0.1997
1170000.0000	-0.0695
1171800.0000	0.0435
1173600.0000	0.1356
1175400.0000	0.2043
1177200.0000	0.2469
1179000.0000	0.2620
1180800.0000	0.2549
1182600.0000	0.2248
1184400.0000	0.1771
1186200.0000	0.1172
1188000.0000	0.0461
1189800.0000	-0.0319
1191600.0000	-0.1143
1193400.0000	-0.1954
1195200.0000	-0.2704
1197000.0000	-0.3318
1198800.0000	-0.3776
1200600.0000	-0.4001
1202400.0000	-0.3947
1204200.0000	-0.3611
1206000.0000	-0.3045
1207800.0000	-0.2263
1209600.0000	-0.1331
1211400.0000	-0.0376
1213200.0000	0.0511
1215000.0000	0.1238
1216800.0000	0.1767
1218600.0000	0.2013
1220400.0000	0.1999
1222200.0000	0.1724
1224000.0000	0.1224
1225800.0000	0.0521
1227600.0000	-0.0325
1229400.0000	-0.1262
1231200.0000	-0.2231
1233000.0000	-0.3258
1234800.0000	-0.4300
1236600.0000	-0.5301
1238400.0000	-0.6226
1240200.0000	-0.7021
1242000.0000	-0.7616
1243800.0000	-0.7960
1245600.0000	-0.7989
1247400.0000	-0.7696
1249200.0000	-0.7052
1251000.0000	-0.6093
1252800.0000	-0.4890
1254600.0000	-0.3539
1256400.0000	-0.2135
1258200.0000	-0.0780
1260000.0000	0.0416
1261800.0000	0.1396
1263600.0000	0.2117
1265400.0000	0.2560
1267200.0000	0.2723
1269000.0000	0.2676
1270800.0000	0.2418
1272600.0000	0.1996
1274400.0000	0.1444
1276200.0000	0.0798
1278000.0000	0.0074
1279800.0000	-0.0694
1281600.0000	-0.1473
1283400.0000	-0.2218
1285200.0000	-0.2851
1287000.0000	-0.3306
1288800.0000	-0.3538
1290600.0000	-0.3527
1292400.0000	-0.3184
1294200.0000	-0.2583
1296000.0000	-0.1760
1297800.0000	-0.0799
1299600.0000	0.0219
1301400.0000	0.1178
1303200.0000	0.1974
1305000.0000	0.2537
1306800.0000	0.2817
1308600.0000	0.2813
1310400.0000	0.2525
1312200.0000	0.2001
1314000.0000	0.1300
1315800.0000	0.0456
1317600.0000	-0.0476
1319400.0000	-0.1470
1321200.0000	-0.2477
1323000.0000	-0.3513
1324800.0000	-0.4522
1326600.0000	-0.5472
1328400.0000	-0.6313
1330200.0000	-0.6959
1332000.0000	-0.7353
1333800.0000	-0.7432
1335600.0000	-0.7184
1337400.0000	-0.6579
1339200.0000	-0.5646
1341000.0000	-0.4457
1342800.0000	-0.3110
1344600.0000	-0.1694
1346400.0000	-0.0337
1348200.0000	0.0849
1350000.0000	0.1814
1351800.0000	0.2518
1353600.0000	0.2949
1355400.0000	0.3120
1357200.0000	0.3075
1359000.0000	0.2848
1360800.0000	0.2485
1362600.0000	0.2003
1364400.0000	0.1440
1366200.0000	0.0802
1368000.0000	0.0116
1369800.0000	-0.0593
1371600.0000	-0.1281
1373400.0000	-0.1883
1375200.0000	-0.2324
1377000.0000	-0.2529
1378800.0000	-0.2485
1380600.0000	-0.2139
1382400.0000	-0.1505
1384200.0000	-0.0626
1386000.0000	0.0403
1387800.0000	0.1485
1389600.0000	0.2504
1391400.0000	0.3351
1393200.0000	0.3952
1395000.0000	0.4259
1396800.0000	0.4277
1398600.0000	0.4022
1400400.0000	0.3527
1402200.0000	0.2859
1404000.0000	0.2065
1405800.0000	0.1187
1407600.0000	0.0253
1409400.0000	-0.0691
1411200.0000	-0.1656
1413000.0000	-0.2618
1414800.0000	-0.3537
1416600.0000	-0.4374
1418400.0000	-0.5066
1420200.0000	-0.5529
1422000.0000	-0.5686
1423800.0000	-0.5516
1425600.0000	-0.4991
1427400.0000	-0.4134
1429200.0000	-0.3009
1431000.0000	-0.1728
1432800.0000	-0.0378
1434600.0000	0.0910
1436400.0000	0.2021
1438200.0000	0.2891
1440000.0000	0.3493
1441800.0000	0.3813
1443600.0000	0.3889
1445400.0000	0.3769
1447200.0000	0.3499
1449000.0000	0.3127
1450800.0000	0.2672
1452600.0000	0.2158
1454400.0000	0.1596
1456200.0000	0.0971
1458000.0000	0.0326
1459800.0000	-0.0307
1461600.0000	-0.0892
1463400.0000	-0.1357
1465200.0000	-0.1622
1467000.0000	-0.1625
1468800.0000	-0.1343
1470600.0000	-0.0776
1472400.0000	0.0037
1474200.0000	0.1018
1476000.0000	0.2061
1477800.0000	0.3043
1479600.0000	0.3858
1481400.0000	0.4417
1483200.0000	0.4687
1485000.0000	0.4633
1486800.0000	0.4311
1488600.0000	0.3765
1490400.0000	0.3060
1492200.0000	0.2256
1494000.0000	0.1400
1495800.0000	0.0498
1497600.0000	-0.0415
1499400.0000	-0.1328
1501200.0000	-0.2249
1503000.0000	-0.3163
1504800.0000	-0.4012
1506600.0000	-0.4752
1508400.0000	-0.5304
1510200.0000	-0.5602
1512000.0000	-0.5580
1513800.0000	-0.5212
1515600.0000	-0.4521
1517400.0000	-0.3555
1519200.0000	-0.2416
1521000.0000	-0.1205
1522800.0000	-0.0058
1524600.0000	0.0923
1526400.0000	0.1673
1528200.0000	0.2151
1530000.0000	0.2362
1531800.0000	0.2338
1533600.0000	0.2129
1535400.0000	0.1799
1537200.0000	0.1400
1539000.0000	0.0963
1540800.0000	0.0506
1542600.0000	0.0031
1544400.0000	-0.0485
1546200.0000	-0.1037
1548000.0000	-0.1604
1549800.0000	-0.2129
1551600.0000	-0.2565
1553400.0000	-0.2840
1555200.0000	-0.2892
1557000.0000	-0.2661
1558800.0000	-0.2156
1560600.0000	-0.1407
1562400.0000	-0.0479
1564200.0000	0.0530
1566000.0000	0.1495
1567800.0000	0.2306
1569600.0000	0.2856
1571400.0000	0.3136
1573200.0000	0.3109
1575000.0000	0.2810
1576800.0000	0.2298
1578600.0000	0.1638
1580400.0000	0.0907
1582200.0000	0.0161
1584000.0000	-0.0592
1585800.0000	-0.1332
1587600.0000	-0.2075
1589400.0000	-0.2822
1591200.0000	-0.3588
1593000.0000	-0.4332
1594800.0000	-0.5019
1596600.0000	-0.5552
1598400.0000	-0.5872
1600200.0000	-0.5917
1602000.0000	-0.5655
1603800.0000	-0.5067
1605600.0000	-0.4219
1607400.0000	-0.3191
1609200.0000	-0.2073
1611000.0000	-0.0994
1612800.0000	-0.0080
1614600.0000	0.0604
1616400.0000	0.1020
1618200.0000	0.1181
1620000.0000	0.1126
1621800.0000	0.0908
1623600.0000	0.0606
1625400.0000	0.0253
1627200.0000	-0.0107
1629000.0000	-0.0459
1630800.0000	-0.0806
1632600.0000	-0.1168
1634400.0000	-0.1563
1636200.0000	-0.2006
1638000.0000	-0.2451
1639800.0000	-0.2858
1641600.0000	-0.3137
1643400.0000	-0.3241
1645200.0000	-0.3104
1647000.0000	-0.2703
1648800.0000	-0.2070
1650600.0000	-0.1253
1652400.0000	-0.0342
1654200.0000	0.0561
1656000.0000	0.1344
1657800.0000	0.1898
1659600.0000	0.2170
1661400.0000	0.2160
1663200.0000	0.1904
1665000.0000	0.1455
1666800.0000	0.0868
1668600.0000	0.0223
1670400.0000	-0.0407
1672200.0000	-0.1024
1674000.0000	-0.1610
1675800.0000	-0.2180
1677600.0000	-0.2746
1679400.0000	-0.3338
1681200.0000	-0.3950
1683000.0000	-0.4556
1684800.0000	-0.5092
1686600.0000	-0.5474
1688400.0000	-0.5626
1690200.0000	-0.5522
1692000.0000	-0.5117
1693800.0000	-0.4458
1695600.0000	-0.3609
1697400.0000	-0.2649
1699200.0000	-0.1694
1701000.0000	-0.0861
1702800.0000	-0.0232
1704600.0000	0.0153
1706400.0000	0.0297
1708200.0000	0.0225
1710000.0000	0.0003
1711800.0000	-0.0274
1713600.0000	-0.0562
1715400.0000	-0.0823
1717200.0000	-0.1055
1719000.0000	-0.1262
1720800.0000	-0.1468
1722600.0000	-0.1692
1724400.0000	-0.1968
1726200.0000	-0.2281
1728000.0000	-0.2607
1729800.0000	-0.2889
1731600.0000	-0.3044
1733400.0000	-0.3014
1735200.0000	-0.2759
1737000.0000	-0.2265
1738800.0000	-0.1575
1740600.0000	-0.0773
1742400.0000	0.0055
1744200.0000	0.0816
1746000.0000	0.1405
1747800.0000	0.1759
1749600.0000	0.1837
1751400.0000	0.1686
1753200.0000	0.1350
1755000.0000	0.0909
1756800.0000	0.0421
1758600.0000	-0.0045
1760400.0000	-0.0462
1762200.0000	-0.0832
1764000.0000	-0.1170
1765800.0000	-0.1501
1767600.0000	-0.1860
1769400.0000	-0.2262
1771200.0000	-0.2696
1773000.0000	-0.3117
1774800.0000	-0.3477
1776600.0000	-0.3692
1778400.0000	-0.3701
1780200.0000	-0.3462
1782000.0000	-0.2994
1783800.0000	-0.2329
1785600.0000	-0.1534
1787400.0000	-0.0711
1789200.0000	0.0055
1791000.0000	0.0659
1792800.0000	0.1064
1794600.0000	0.1262
1796400.0000	0.1276
1798200.0000	0.1156
1800000.0000	0.0961
1801800.0000	0.0770
1803600.0000	0.0622
1805400.0000	0.0534
1807200.0000	0.0489
1809000.0000	0.0448
1810800.0000	0.0390
1812600.0000	0.0269
1814400.0000	0.0074
1816200.0000	-0.0169
1818000.0000	-0.0425
1819800.0000	-0.0634
1821600.0000	-0.0724
1823400.0000	-0.0651
1825200.0000	-0.0381
1827000.0000	0.0072
1828800.0000	0.0663
1830600.0000	0.1317
1832400.0000	0.1949
1834200.0000	0.2472
1836000.0000	0.2824
1837800.0000	0.2967
1839600.0000	0.2926
1841400.0000	0.2712
1843200.0000	0.2400
1845000.0000	0.2055
1846800.0000	0.1745
1848600.0000	0.1485
1850400.0000	0.1279
1852200.0000	0.1118
1854000.0000	0.0964
1855800.0000	0.0769
1857600.0000	0.0503
1859400.0000	0.0158
1861200.0000	-0.0227
1863000.0000	-0.0620
1864800.0000	-0.0951
1866600.0000	-0.1154
1868400.0000	-0.1170
1870200.0000	-0.0988
1872000.0000	-0.0612
1873800.0000	-0.0082
1875600.0000	0.0508
1877400.0000	0.1099
1879200.0000	0.1608
1881000.0000	0.1991
1882800.0000	0.2203
1884600.0000	0.2260
1886400.0000	0.2209
1888200.0000	0.2103
1890000.0000	0.1983
1891800.0000	0.1901
1893600.0000	0.1879
1895400.0000	0.1912
1897200.0000	0.1950
1899000.0000	0.1976
1900800.0000	0.1943
1902600.0000	0.1813
1904400.0000	0.1569
1906200.0000	0.1266
1908000.0000	0.0947
1909800.0000	0.0659
1911600.0000	0.0481
1913400.0000	0.0456
1915200.0000	0.0606
1917000.0000	0.0902
1918800.0000	0.1303
1920600.0000	0.1752
1922400.0000	0.2178
1924200.0000	0.2514
1926000.0000	0.2709
1927800.0000	0.2765
1929600.0000	0.2694
1931400.0000	0.2540
1933200.0000	0.2345
1935000.0000	0.2176
1936800.0000	0.2051
1938600.0000	0.1973
1940400.0000	0.1946
1942200.0000	0.1931
1944000.0000	0.1877
1945800.0000	0.1738
1947600.0000	0.1490
1949400.0000	0.1147
1951200.0000	0.0724
1953000.0000	0.0293
1954800.0000	-0.0089
1956600.0000	-0.0383
1958400.0000	-0.0503
1960200.0000	-0.0446
1962000.0000	-0.0226
1963800.0000	0.0102
1965600.0000	0.0480
1967400.0000	0.0857
1969200.0000	0.1171
1971000.0000	0.1401
1972800.0000	0.1536
1974600.0000	0.1573
1976400.0000	0.1566
1978200.0000	0.1535
1980000.0000	0.1529
1981800.0000	0.1571
1983600.0000	0.1643
1985400.0000	0.1718
1987200.0000	0.1761
1989000.0000	0.1756
1990800.0000	0.1647
1992600.0000	0.1403
1994400.0000	0.1037
1996200.0000	0.0614
1998000.0000	0.0143
1999800.0000	-0.0290
2001600.0000	-0.0641
2003400.0000	-0.0841
2005200.0000	-0.0885
2007000.0000	-0.0784
2008800.0000	-0.0564
2010600.0000	-0.0290
2012400.0000	-0.0002
2014200.0000	0.0247
2016000.0000	0.0426
2017800.0000	0.0529
2019600.0000	0.0570
2021400.0000	0.0567
2023200.0000	0.0574
2025000.0000	0.0609
2026800.0000	0.0672
2028600.0000	0.0748
2030400.0000	0.0814
2032200.0000	0.0847
2034000.0000	0.0799
2035800.0000	0.0637
2037600.0000	0.0349
2039400.0000	-0.0063
2041200.0000	-0.0560
2043000.0000	-0.1058
2044800.0000	-0.1547
2046600.0000	-0.1943
2048400.0000	-0.2194
2050200.0000	-0.2273
2052000.0000	-0.2191
2053800.0000	-0.1994
2055600.0000	-0.1692
2057400.0000	-0.1363
2059200.0000	-0.1045
2061000.0000	-0.0763
2062800.0000	-0.0531
2064600.0000	-0.0330
2066400.0000	-0.0173
2068200.0000	-0.0035
2070000.0000	0.0118
2071800.0000	0.0278
2073600.0000	0.0426
2075400.0000	0.0516
2077200.0000	0.0549
2079000.0000	0.0475
2080800.0000	0.0266
2082600.0000	-0.0093
2084400.0000	-0.0555
2086200.0000	-0.1104
2088000.0000	-0.1671
2089800.0000	-0.2209
2091600.0000	-0.2643
2093400.0000	-0.2940
2095200.0000	-0.3068
2097000.0000	-0.3024
2098800.0000	-0.2827
2100600.0000	-0.2509
2102400.0000	-0.2125
2104200.0000	-0.1715
2106000.0000	-0.1318
2107800.0000	-0.0940
2109600.0000	-0.0611
2111400.0000	-0.0313
2113200.0000	-0.0040
2115000.0000	0.0218
2116800.0000	0.0466
2118600.0000	0.0664
2120400.0000	0.0804
2122200.0000	0.0851
2124000.0000	0.0779
2125800.0000	0.0571
2127600.0000	0.0223
2129400.0000	-0.0264
2131200.0000	-0.0834
2133000.0000	-0.1438
2134800.0000	-0.2019
2136600.0000	-0.2511
2138400.0000	-0.2856
2140200.0000	-0.3033
2142000.0000	-0.3043
2143800.0000	-0.2879
2145600.0000	-0.2586
2147400.0000	-0.2198
2149200.0000	-0.1764
2151000.0000	-0.1329
2152800.0000	-0.0908
2154600.0000	-0.0533
2156400.0000	-0.0203
2158200.0000	0.0077
2160000.0000	0.0304
2161800.0000	0.0473
2163600.0000	0.0571
2165400.0000	0.0583
2167200.0000	0.0489
2169000.0000	0.0259
2170800.0000	-0.0120
2172600.0000	-0.0632
2174400.0000	-0.1263
2176200.0000	-0.1967
2178000.0000	-0.2676
2179800.0000	-0.3320
2181600.0000	-0.3833
2183400.0000	-0.4163
2185200.0000	-0.4284
2187000.0000	-0.4183
2188800.0000	-0.3867
2190600.0000	-0.3369
2192400.0000	-0.2742
2194200.0000	-0.2046
2196000.0000	-0.1322
2197800.0000	-0.0619
2199600.0000	0.0025
2201400.0000	0.0597
2203200.0000	0.1089
2205000.0000	0.1501
2206800.0000	0.1822
2208600.0000	0.2044
2210400.0000	0.2158
2212200.0000	0.2144
2214000.0000	0.1986
2215800.0000	0.1687
2217600.0000	0.1230
2219400.0000	0.0646
2221200.0000	-0.0017
2223000.0000	-0.0705
2224800.0000	-0.1358
2226600.0000	-0.1893
2228400.0000	-0.2262
2230200.0000	-0.2424
2232000.0000	-0.2363
2233800.0000	-0.2079
2235600.0000	-0.1608
2237400.0000	-0.1009
2239200.0000	-0.0338
2241000.0000	0.0346
2242800.0000	0.0980
2244600.0000	0.1528
2246400.0000	0.1973
2248200.0000	0.2304
2250000.0000	0.2505
2251800.0000	0.2582
2253600.0000	0.2537
2255400.0000	0.2376
2257200.0000	0.2078
2259000.0000	0.1642
2260800.0000	0.1073
2262600.0000	0.0380
2264400.0000	-0.0416
2266200.0000	-0.1261
2268000.0000	-0.2092
2269800.0000	-0.2824
2271600.0000	-0.3383
2273400.0000	-0.3702
2275200.0000	-0.3732
2277000.0000	-0.3476
2278800.0000	-0.2937
2280600.0000	-0.2162
2282400.0000	-0.1223
2284200.0000	-0.0208
2286000.0000	0.0803
2287800.0000	0.1752
2289600.0000	0.2576
2291400.0000	0.3247
2293200.0000	0.3758
2295000.0000	0.4111
2296800.0000	0.4311
2298600.0000	0.4365
2300400.0000	0.4284
2302200.0000	0.4057
2304000.0000	0.3688
2305800.0000	0.3181
2307600.0000	0.2527
2309400.0000	0.1751
2311200.0000	0.0906
2313000.0000	0.0054
2314800.0000	-0.0720
2316600.0000	-0.1347
2318400.0000	-0.1756
2320200.0000	-0.1897
2322000.0000	-0.1753
2323800.0000	-0.1346
2325600.0000	-0.0719
2327400.0000	0.0055
2329200.0000	0.0888
2331000.0000	0.1684
2332800.0000	0.2372
2334600.0000	0.2896
2336400.0000	0.3241
2338200.0000	0.3383
2340000.0000	0.3338
2341800.0000	0.3127
2343600.0000	0.2776
2345400.0000	0.2294
2347200.0000	0.1684
2349000.0000	0.0962
2350800.0000	0.0123
2352600.0000	-0.0811
2354400.0000	-0.1812
2356200.0000	-0.2822
2358000.0000	-0.3767
2359800.0000	-0.4549
2361600.0000	-0.5099
2363400.0000	-0.5316
2365200.0000	-0.5177
2367000.0000	-0.4674
2368800.0000	-0.3836
2370600.0000	-0.2741
2372400.0000	-0.1479
2374200.0000	-0.0179
2376000.0000	0.1048
2377800.0000	0.2124
2379600.0000	0.2989
2381400.0000	0.3606
2383200.0000	0.3985
2385000.0000	0.4144
2386800.0000	0.4116
2388600.0000	0.3941
2390400.0000	0.3629
2392200.0000	0.3189
2394000.0000	0.2628
2395800.0000	0.1946
2397600.0000	0.1145
2399400.0000	0.0250
2401200.0000	-0.0679
2403000.0000	-0.1582
2404800.0000	-0.2354
2406600.0000	-0.2927
2408400.0000	-0.3220
2410200.0000	-0.3169
2412000.0000	-0.2785
2413800.0000	-0.2111
2415600.0000	-0.1217
2417400.0000	-0.0205
2419200.0000	0.0802
2421000.0000	0.1697
2422800.0000	0.2392
2424600.0000	0.2838
2426400.0000	0.3015
2428200.0000	0.2938
2430000.0000	0.2642
2431800.0000	0.2166
2433600.0000	0.1556
2435400.0000	0.0828
2437200.0000	0.0022
2439000.0000	-0.0871
2440800.0000	-0.1849
2442600.0000	-0.2885
2444400.0000	-0.3938
2446200.0000	-0.4956
2448000.0000	-0.5841
2449800.0000	-0.6494
2451600.0000	-0.6824
2453400.0000	-0.6769
2455200.0000	-0.6296
2457000.0000	-0.5410
2458800.0000	-0.4188
2460600.0000	-0.2737
2462400.0000	-0.1175
2464200.0000	0.0345
2466000.0000	0.1687
2467800.0000	0.2779
2469600.0000	0.3562
2471400.0000	0.4036
2473200.0000	0.4211
2475000.0000	0.4152
2476800.0000	0.3908
2478600.0000	0.3528
2480400.0000	0.3035
2482200.0000	0.2447
2484000.0000	0.1766
2485800.0000	0.0994
2487600.0000	0.0118
2489400.0000	-0.0811
2491200.0000	-0.1732
2493000.0000	-0.2572
2494800.0000	-0.3221
2496600.0000	-0.3609
2498400.0000	-0.3660
2500200.0000	-0.3337
2502000.0000	-0.2669
2503800.0000	-0.1715
2505600.0000	-0.0594
2507400.0000	0.0569
2509200.0000	0.1630
2511000.0000	0.2483
2512800.0000	0.3051
2514600.0000	0.3281
2516400.0000	0.3192
2518200.0000	0.2834
2520000.0000	0.2263
2521800.0000	0.1539
2523600.0000	0.0706
2525400.0000	-0.0195
2527200.0000	-0.1142
2529000.0000	-0.2142
2530800.0000	-0.3179
2532600.0000	-0.4232
2534400.0000	-0.5260
2536200.0000	-0.6199
2538000.0000	-0.6945
2539800.0000	-0.7381
2541600.0000	-0.7435
2543400.0000	-0.7047
2545200.0000	-0.6209
2547000.0000	-0.4960
2548800.0000	-0.3413
2550600.0000	-0.1714
2552400.0000	0.0002
2554200.0000	0.1557
2556000.0000	0.2842
2557800.0000	0.3772
2559600.0000	0.4334
2561400.0000	0.4533
2563200.0000	0.4443
2565000.0000	0.4127
2566800.0000	0.3672
2568600.0000	0.3130
2570400.0000	0.2530
2572200.0000	0.1870
2574000.0000	0.1150
2575800.0000	0.0370
2577600.0000	-0.0466
2579400.0000	-0.1323
2581200.0000	-0.2142
2583000.0000	-0.2815
2584800.0000	-0.3253
2586600.0000	-0.3383
2588400.0000	-0.3149
2590200.0000	-0.2545
2592000.0000	-0.1624