0	0.288996124
1800	0.277851184
3600	0.259259141
5400	0.237075924
7200	0.206766709
9000	0.170606496
10800	0.134588683
12600	0.102465687
14400	0.075519567
16200	0.059267482
18000	0.047605812
19800	0.044057703
21600	0.05352843
23400	0.071708073
25200	0.099618777
27000	0.134552836
28800	0.17489073
30600	0.219443891
32400	0.268470204
34200	0.32086121
36000	0.370189686
37800	0.415852434
39600	0.455906467
41400	0.48707268
43200	0.507215656
45000	0.514518666
46800	0.506920157
48600	0.48598587
50400	0.450444794
52200	0.406246874
54000	0.356547865
55800	0.305559853
57600	0.257983015
59400	0.217947564
61200	0.184868391
63000	0.163645547
64800	0.155119838
66600	0.15827152
68400	0.171962657
70200	0.195316838
72000	0.222754812
73800	0.256137573
75600	0.294491807
77400	0.3270817
79200	0.360392842
81000	0.391287239
82800	0.412663415
84600	0.42734886
86400	0.431685534
88200	0.41979021
90000	0.40003922
91800	0.366485791
93600	0.32590632
95400	0.273157301
97200	0.216636212
99000	0.153449913
100800	0.096605511
102600	0.044824807
104400	2.46E-05
106200	-0.032955679
108000	-0.05456434
109800	-0.062076777
111600	-0.05598678
113400	-0.033267355
115200	0.004307876
117000	0.054442103
118800	0.115945751
120600	0.188728411
122400	0.265083563
124200	0.339783177
126000	0.412205132
127800	0.47498881
129600	0.524640313
131400	0.556447139
133200	0.571791552
135000	0.566607934
136800	0.543723565
138600	0.505210658
140400	0.452473272
142200	0.390591591
144000	0.323872618
145800	0.25939879
147600	0.200052466
149400	0.146649378
151200	0.105819673
153000	0.08057008
154800	0.070892717
156600	0.075656598
158400	0.095533961
160200	0.130068542
162000	0.173967547
163800	0.224884424
165600	0.278617489
167400	0.332798496
169200	0.379867428
171000	0.417855921
172800	0.440226802
174600	0.449793484
176400	0.436714379
178200	0.409226623
180000	0.364033167
181800	0.304842968
183600	0.233325717
185400	0.155093539
187200	0.071967959
189000	-0.011150798
190800	-0.090556259
192600	-0.161785194
194400	-0.21960575
196200	-0.262806878
198000	-0.287030103
199800	-0.290860484
201600	-0.271704565
203400	-0.233440764
205200	-0.17342621
207000	-0.095748074
208800	-0.007255607
210600	0.08964715
212400	0.186944186
214200	0.279362912
216000	0.35913754
217800	0.424078
219600	0.466765072
221400	0.486194818
223200	0.483049751
225000	0.45997522
226800	0.417801013
228600	0.357946818
230400	0.284331369
232200	0.205929318
234000	0.125855867
235800	0.046007786
237600	-0.023088737
239400	-0.079207289
241200	-0.120641846
243000	-0.141818609
244800	-0.141813213
246600	-0.122152131
248400	-0.083591484
250200	-0.028154368
252000	0.039092149
253800	0.112724616
255600	0.184069537
257400	0.248634127
259200	0.301696995
261000	0.336959376
262800	0.351996983
264600	0.344606867
266400	0.31510135
268200	0.265521421
270000	0.19616035
271800	0.113467909
273600	0.021228929
275400	-0.077035102
277200	-0.177205104
279000	-0.273203437
280800	-0.362716936
282600	-0.438271469
284400	-0.496934511
286200	-0.533733526
288000	-0.544657569
289800	-0.527888403
291600	-0.483770816
293400	-0.41336918
295200	-0.320786427
297000	-0.213270791
298800	-0.09426597
300600	0.024739248
302400	0.137409942
304200	0.236713845
306000	0.315877196
307800	0.370954553
309600	0.40091056
311400	0.405381634
313200	0.38513515
315000	0.345277589
316800	0.285616575
318600	0.212824837
320400	0.129994701
322200	0.042636114
324000	-0.044113223
325800	-0.124818044
327600	-0.194731572
329400	-0.245723133
331200	-0.273613368
333000	-0.277043927
334800	-0.25417058
336600	-0.20628967
338400	-0.136254496
340200	-0.050873097
342000	0.043451623
343800	0.135380245
345600	0.21813355
347400	0.287890486
349200	0.334919183
351000	0.358276739
352800	0.357149121
354600	0.329337123
356400	0.279730769
358200	0.210412191
360000	0.125201492
361800	0.027794735
363600	-0.076661885
365400	-0.184937852
367200	-0.29151934
369000	-0.390121053
370800	-0.477749581
372600	-0.545489375
374400	-0.589304515
376200	-0.604474406
378000	-0.587693003
379800	-0.538392679
381600	-0.457608956
383400	-0.351631173
385200	-0.225061203
387000	-0.09041873
388800	0.045455671
390600	0.172381618
392400	0.280405913
394200	0.366293293
396000	0.42641921
397800	0.458552316
399600	0.464507835
401400	0.444882304
403200	0.4036031
405000	0.344854052
406800	0.27262754
408600	0.189411767
410400	0.101234486
412200	0.013450776
414000	-0.071589917
415800	-0.146128223
417600	-0.202040759
419400	-0.23473085
421200	-0.240249865
423000	-0.214396123
424800	-0.161491918
426600	-0.083102439
428400	0.014023762
430200	0.119366313
432000	0.226980128
433800	0.322129367
435600	0.399707347
437400	0.452228041
439200	0.476478013
441000	0.472911447
442800	0.442027732
444600	0.387816824
446400	0.313278973
448200	0.221201947
450000	0.11898385
451800	0.007815457
453600	-0.105844653
455400	-0.219704229
457200	-0.328180306
459000	-0.425153093
460800	-0.504117625
462600	-0.558239395
464400	-0.582425994
466200	-0.571305443
468000	-0.5255082
469800	-0.444049705
471600	-0.334755047
473400	-0.205761915
475200	-0.06423207
477000	0.077447289
478800	0.20775117
480600	0.318180762
482400	0.401649983
484200	0.45778783
486000	0.48510396
487800	0.484841747
489600	0.460725731
491400	0.416868587
493200	0.356566633
495000	0.282202199
496800	0.20018495
498600	0.113106889
500400	0.02387831
502200	-0.062150511
504000	-0.138527531
505800	-0.198884392
507600	-0.235703273
509400	-0.242979955
511200	-0.21790231
513000	-0.160924332
514800	-0.07697739
516600	0.028201742
518400	0.144448253
520200	0.261226347
522000	0.365596042
523800	0.448989717
525600	0.504933755
527400	0.529928354
529200	0.523820898
531000	0.491235897
532800	0.435040224
534600	0.359787797
536400	0.269612045
538200	0.169212409
540000	0.062037041
541800	-0.04905243
543600	-0.160613773
545400	-0.268351509
547200	-0.367696198
549000	-0.451337494
550800	-0.511566213
552600	-0.542293343
554400	-0.536514553
556200	-0.491955059
558000	-0.412530642
559800	-0.302696371
561600	-0.169943292
563400	-0.027207522
565200	0.116747054
567000	0.246887713
568800	0.354423668
570600	0.434719535
572400	0.484106123
574200	0.502162509
576000	0.494510943
577800	0.465090764
579600	0.41802804
581400	0.357476883
583200	0.286974433
585000	0.210708987
586800	0.129287604
588600	0.046496692
590400	-0.034018362
592200	-0.107154079
594000	-0.167674781
595800	-0.205340391
597600	-0.216123515
599400	-0.193980923
601200	-0.13836411
603000	-0.05399354
604800	0.05466377
606600	0.175314349
608400	0.295783539
610200	0.403956207
612000	0.490847743
613800	0.548768837
615600	0.571124217
617400	0.562072133
619200	0.523452382
621000	0.462172186
622800	0.384838072
624600	0.296392254
626400	0.20120189
628200	0.101171613
630000	-0.001423057
631800	-0.103489811
633600	-0.20269343
635400	-0.293523066
637200	-0.372806321
639000	-0.432866934
640800	-0.464023145
642600	-0.462122937
644400	-0.422461625
646200	-0.345886077
648000	-0.236137574
649800	-0.103173275
651600	0.042160895
653400	0.185594469
655200	0.314711747
657000	0.42233743
658800	0.498162876
660600	0.541010077
662400	0.553016362
664200	0.539297067
666000	0.505406654
667800	0.455660191
669600	0.396971223
671400	0.332820718
673200	0.264970139
675000	0.195040456
676800	0.125103159
678600	0.054322628
680400	-0.009452976
682200	-0.062638143
684000	-0.099286131
685800	-0.109490032
687600	-0.091290023
689400	-0.039484616
691200	0.042972368
693000	0.149584435
694800	0.26819337
696600	0.387275233
698400	0.495695891
700200	0.580917677
702000	0.634809233
703800	0.654562111
705600	0.639635947
707400	0.595420107
709200	0.529247707
711000	0.449484928
712800	0.361389482
714600	0.26938688
716400	0.176512475
718200	0.082745252
720000	-0.007699189
721800	-0.095754043
723600	-0.181054255
725400	-0.256919611
727200	-0.318295185
729000	-0.355808255
730800	-0.364923615
732600	-0.338803662
734400	-0.277522907
736200	-0.183600321
738000	-0.064151585
739800	0.06689925
741600	0.200261415
743400	0.3208269
745200	0.417691219
747000	0.483136007
748800	0.514894573
750600	0.516137727
752400	0.491903685
754200	0.447632823
756000	0.393804343
757800	0.333529413
759600	0.272166771
761400	0.21178848
763200	0.149201374
765000	0.091226312
766800	0.033614013
768600	-0.023293365
770400	-0.072018093
772200	-0.109370664
774000	-0.125688814
775800	-0.116516887
777600	-0.075984846
779400	-0.005246654
781200	0.091410793
783000	0.203117244
784800	0.319200652
786600	0.425555184
788400	0.510501136
790200	0.564490824
792000	0.583998048
793800	0.568746575
795600	0.523718975
797400	0.457380512
799200	0.377763427
801000	0.29404777
802800	0.210364447
804600	0.130772463
806400	0.05480124
808200	-0.017986883
810000	-0.089407089
811800	-0.158625802
813600	-0.222965374
815400	-0.279021926
817200	-0.317248108
819000	-0.331865658
820800	-0.315743306
822600	-0.267338868
824400	-0.191762798
826200	-0.08702377
828000	0.033133854
829800	0.153722756
831600	0.266886697
833400	0.35611193
835200	0.418038133
837000	0.44773369
838800	0.44604369
840600	0.419377499
842400	0.374396247
844200	0.321488479
846000	0.269184915
847800	0.213443349
849600	0.165227203
851400	0.12140626
853200	0.078484619
855000	0.037094628
856800	-0.003608747
858600	-0.041166135
860400	-0.073276999
862200	-0.092191069
864000	-0.092059527
865800	-0.066278181
867600	-0.012987334
869400	0.063273764
871200	0.158122943
873000	0.259695789
874800	0.355345592
876600	0.434019581
878400	0.487261269
880200	0.506703667
882000	0.494947806
883800	0.453466107
885600	0.388959005
887400	0.31176778
889200	0.233184383
891000	0.158043558
892800	0.09113696
894600	0.032574207
896400	-0.022483616
898200	-0.073278843
900000	-0.123802503
901800	-0.173491721
903600	-0.22046217
905400	-0.25799046
907200	-0.275592683
909000	-0.275083223
910800	-0.24735504
912600	-0.189719223
914400	-0.108170715
916200	-0.00700624
918000	0.099722868
919800	0.199363329
921600	0.28200333
923400	0.34020742
925200	0.369475957
927000	0.368610936
928800	0.342694979
930600	0.302257128
932400	0.251606344
934200	0.202075387
936000	0.158001377
937800	0.121951707
939600	0.09083326
941400	0.06238773
943200	0.036467195
945000	0.009351143
946800	-0.02063832
948600	-0.04985372
950400	-0.07300017
952200	-0.083904899
954000	-0.078040004
955800	-0.04957897
957600	0.003416458
959400	0.072988034
961200	0.153480332
963000	0.235087273
964800	0.304533497
966600	0.354004173
968400	0.376617574
970200	0.370945227
972000	0.337976417
973800	0.283071519
975600	0.216779605
977400	0.146834808
979200	0.083080496
981000	0.026441104
982800	-0.018827247
984600	-0.056368751
986400	-0.089676338
988200	-0.121561954
990000	-0.155456323
991800	-0.191370011
993600	-0.22663102
995400	-0.252758857
997200	-0.265273317
999000	-0.25860868
1000800	-0.2299417
1002600	-0.17654292
1004400	-0.105542865
1006200	-0.024217521
1008000	0.05885516
1009800	0.131916204
1011600	0.187075447
1013400	0.218360158
1015200	0.22500712
1017000	0.209754953
1018800	0.178833425
1020600	0.14001676
1022400	0.101750353
1024200	0.069350034
1026000	0.044654209
1027800	0.02807611
1029600	0.018188655
1031400	0.007958449
1033200	-0.006367628
1035000	-0.023179396
1036800	-0.045227497
1038600	-0.06755191
1040400	-0.08825746
1042200	-0.096580683
1044000	-0.090268189
1045800	-0.065645099
1047600	-0.021635421
1049400	0.034509633
1051200	0.09856823
1053000	0.158015022
1054800	0.206299373
1056600	0.236838317
1058400	0.244177671
1060200	0.22985628
1062000	0.197891674
1063800	0.157203128
1065600	0.111719989
1067400	0.068290206
1069200	0.034626171
1071000	0.010149641
1072800	-0.00787161
1074600	-0.018478315
1076400	-0.028754217
1078200	-0.044647364
1080000	-0.067070365
1081800	-0.093997317
1083600	-0.121314695
1085400	-0.145430881
1087200	-0.15697888
1089000	-0.15260798
1090800	-0.130304938
1092600	-0.089925625
1094400	-0.03664637
1096200	0.025183165
1098000	0.084697129
1099800	0.133796736
1101600	0.167504139
1103400	0.181959383
1105200	0.179504976
1107000	0.165021931
1108800	0.142574087
1110600	0.118895799
1112400	0.098736917
1114200	0.08743892
1116000	0.084118701
1117800	0.083159892
1119600	0.083734043
1121400	0.080640321
1123200	0.071020271
1125000	0.052131835
1126800	0.026954684
1128600	-0.00138801
1130400	-0.027831465
1132200	-0.045063997
1134000	-0.050531766
1135800	-0.03833515
1137600	-0.012102598
1139400	0.02599667
1141200	0.0703808
1143000	0.113561184
1144800	0.146854169
1146600	0.168688563
1148400	0.17576344
1150200	0.170130083
1152000	0.153547766
1153800	0.132354846
1155600	0.115181343
1157400	0.101113255
1159200	0.094238087
1161000	0.095030438
1162800	0.098376737
1164600	0.100805467
1166400	0.096555999
1168200	0.086705092
1170000	0.064779876
1171800	0.03527198
1173600	0.002591261
1175400	-0.026666762
1177200	-0.048876023
1179000	-0.05845277
1180800	-0.052010743
1182600	-0.028595524
1184400	0.005849431
1186200	0.048058993
1188000	0.090993301
1189800	0.127753736
1191600	0.155472035
1193400	0.173078057
1195200	0.179719791
1197000	0.18121877
1198800	0.178824876
1200600	0.175572903
1202400	0.178109683
1204200	0.183780751
1206000	0.191241278
1207800	0.19767311
1209600	0.199566693
1211400	0.192317718
1213200	0.17335147
1215000	0.142455872
1216800	0.104078257
1218600	0.061384798
1220400	0.019831628
1222200	-0.011231633
1224000	-0.030133853
1225800	-0.034601563
1227600	-0.023592707
1229400	0.000135803
1231200	0.031733028
1233000	0.067496727
1234800	0.101503605
1236600	0.129437537
1238400	0.148203985
1240200	0.161511227
1242000	0.170330977
1243800	0.176165994
1245600	0.182668669
1247400	0.192699701
1249200	0.204500262
1251000	0.215227243
1252800	0.224837205
1254600	0.226981679
1256400	0.217416364
1258200	0.19447086
1260000	0.159736699
1261800	0.116308775
1263600	0.067236235
1265400	0.016043786
1267200	-0.026147095
1269000	-0.057320956
1270800	-0.073691612
1272600	-0.073378051
1274400	-0.05920502
1276200	-0.034656643
1278000	-0.003335212
1279800	0.026979457
1281600	0.057001753
1283400	0.084807224
1285200	0.105223648
1287000	0.12030611
1288800	0.132020896
1290600	0.143217925
1292400	0.151766036
1294200	0.158926133
1296000	0.161392175
1297800	0.158630696
1299600	0.144419227
1301400	0.11766031
1303200	0.079481114
1305000	0.02587416
1306800	-0.036761379
1308600	-0.101402222
1310400	-0.161379437
1312200	-0.213934315
1314000	-0.250911049
1315800	-0.268645767
1317600	-0.266610665
1319400	-0.245169429
1321200	-0.208910827
1323000	-0.163258584
1324800	-0.111881986
1326600	-0.059231681
1328400	-0.009482947
1330200	0.03470561
1332000	0.075955198
1333800	0.10993115
1335600	0.139114916
1337400	0.163283073
1339200	0.182495347
1341000	0.195569009
1342800	0.200268053
1344600	0.189524198
1346400	0.166166972
1348200	0.129816463
1350000	0.078955891
1351800	0.017881187
1353600	-0.047249816
1355400	-0.113724512
1357200	-0.170603032
1359000	-0.215141764
1360800	-0.242129532
1362600	-0.248722442
1364400	-0.238053627
1366200	-0.209699807
1368000	-0.167828703
1369800	-0.117941277
1371600	-0.065863441
1373400	-0.017573836
1375200	0.027034425
1377000	0.064118565
1378800	0.092934181
1380600	0.112109247
1382400	0.124094248
1384200	0.124998328
1386000	0.114033058
1387800	0.093829623
1389600	0.060365533
1391400	0.011495364
1393200	-0.050877569
1395000	-0.123450019
1396800	-0.202118596
1398600	-0.283950058
1400400	-0.360099408
1402200	-0.421227883
1404000	-0.463420949
1405800	-0.481047317
1407600	-0.472142806
1409400	-0.43751212
1411200	-0.379849013
1413000	-0.306336593
1414800	-0.222598514
1416600	-0.134219323
1418400	-0.049613819
1420200	0.028619601
1422000	0.096618457
1423800	0.150557613
1425600	0.192085611
1427400	0.221444844
1429200	0.238646109
1431000	0.239809337
1432800	0.227568372
1434600	0.200204118
1436400	0.155572861
1438200	0.099394805
1440000	0.028027162
1441800	-0.051743074
1443600	-0.134293637
1445400	-0.212913247
1447200	-0.281429447
1449000	-0.33351699
1450800	-0.363810489
1452600	-0.36726911
1454400	-0.344883947
1456200	-0.299106693
1458000	-0.237000547
1459800	-0.164632572
1461600	-0.089651438
1463400	-0.018034094
1465200	0.042631896
1467000	0.089882802
1468800	0.120852579
1470600	0.133788655
1472400	0.132252402
1474200	0.114719884
1476000	0.081180647
1477800	0.03518774
1479600	-0.025541238
1481400	-0.097796138
1483200	-0.181224078
1485000	-0.274130836
1486800	-0.368486118
1488600	-0.460309958
1490400	-0.541005308
1492200	-0.602437803
1494000	-0.637295183
1495800	-0.639351917
1497600	-0.608526311
1499400	-0.543990564
1501200	-0.451894651
1503000	-0.339557116
1504800	-0.217312983
1506600	-0.093847843
1508400	0.020572333
1510200	0.120563799
1512000	0.19854644
1513800	0.257056777
1515600	0.293757069
1517400	0.310252105
1519200	0.308403149
1521000	0.290026341
1522800	0.256544366
1524600	0.208552707
1526400	0.145539117
1528200	0.068168077
1530000	-0.018854959
1531800	-0.112112481
1533600	-0.205779103
1535400	-0.292081869
1537200	-0.362030483
1539000	-0.409574052
1540800	-0.427581403
1542600	-0.413303163
1544400	-0.367208854
1546200	-0.296253069
1548000	-0.208223018
1549800	-0.11067572
1551600	-0.014800228
1553400	0.06940084
1555200	0.132837771
1557000	0.175396171
1558800	0.193601092
1560600	0.186567503
1562400	0.158385467
1564200	0.11252069
1566000	0.051844842
1567800	-0.021783713
1569600	-0.108681073
1571400	-0.204253643
1573200	-0.307711856
1575000	-0.41553689
1576800	-0.52187212
1578600	-0.619334695
1580400	-0.699077273
1582200	-0.753704815
1584000	-0.77216555
1585800	-0.752691161
1587600	-0.691489896
1589400	-0.593867201
1591200	-0.466830333
1593000	-0.32096111
1594800	-0.169503487
1596600	-0.024778252
1598400	0.102019787
1600200	0.203987986
1602000	0.275809765
1603800	0.31734104
1605600	0.331118058
1607400	0.321258001
1609200	0.292946188
1611000	0.248611338
1612800	0.191436969
1614600	0.123372206
1616400	0.043957454
1618200	-0.045647468
1620000	-0.142869686
1621800	-0.241299088
1623600	-0.336536905
1625400	-0.41837665
1627200	-0.478581037
1629000	-0.507849867
1630800	-0.500867848
1632600	-0.45849013
1634400	-0.382887897
1636200	-0.281677247
1638000	-0.165965888
1639800	-0.050157204
1641600	0.054866177
1643400	0.13902391
1645200	0.194466811
1647000	0.217676877
1648800	0.20961902
1650600	0.174090327
1652400	0.117762099
1654200	0.043290841
1656000	-0.043822563
1657800	-0.139087143
1659600	-0.241517166
1661400	-0.349423607
1663200	-0.461078773
1665000	-0.571237362
1666800	-0.675471074
1668600	-0.765229224
1670400	-0.830640112
1672200	-0.861291126
1674000	-0.85187864
1675800	-0.800077569
1677600	-0.703555557
1679400	-0.569599782
1681200	-0.41070346
1683000	-0.2403347
1684800	-0.072473681
1686600	0.076023299
1688400	0.196929306
1690200	0.281788682
1692000	0.329453306
1693800	0.34396012
1695600	0.329569336
1697400	0.291347811
1699200	0.237720801
1701000	0.173530423
1702800	0.101038944
1704600	0.021062271
1706400	-0.064238921
1708200	-0.155901085
1710000	-0.250060691
1711800	-0.342888452
1713600	-0.425636438
1715400	-0.489150509
1717200	-0.524617297
1719000	-0.52584481
1720800	-0.4886731
1722600	-0.414960687
1724400	-0.310414919
1726200	-0.187895367
1728000	-0.059361069
1729800	0.06065079
1731600	0.158267859
1733400	0.224130507
1735200	0.253693274
1737000	0.248223743
1738800	0.210052945
1740600	0.144032957
1742400	0.059446106
1744200	-0.037628821
1746000	-0.141340583
1747800	-0.249739416
1749600	-0.360531052
1751400	-0.471293382
1753200	-0.581843516
1755000	-0.6879758
1756800	-0.781128
1758600	-0.852202099
1760400	-0.894947927
1762200	-0.899504316
1764000	-0.858983259
1765800	-0.774780497
1767600	-0.648832019
1769400	-0.491364183
1771200	-0.317046759
1773000	-0.142816462
1774800	0.016732037
1776600	0.146735808
1778400	0.239132521
1780200	0.291406529
1782000	0.304502186
1783800	0.283537058
1785600	0.238623902
1787400	0.17810577
1789200	0.107710212
1791000	0.032825843
1792800	-0.045313567
1794600	-0.125019449
1796400	-0.207396546
1798200	-0.291875677
1800000	-0.374803643
1801800	-0.45022617
1803600	-0.511449306
1805400	-0.54822424
1807200	-0.554070666
1809000	-0.523652265
1810800	-0.457004739
1812600	-0.357963416
1814400	-0.235748102
1816200	-0.104732566
1818000	0.020177322
1819800	0.124239817
1821600	0.197681363
1823400	0.233994552
1825200	0.230938413
1827000	0.192968814
1828800	0.125389667
1830600	0.03781081
1832400	-0.062063941
1834200	-0.167703911
1836000	-0.274070766
1837800	-0.380082656
1839600	-0.484309477
1841400	-0.586168468
1843200	-0.68290099
1845000	-0.769870148
1846800	-0.840179613
1848600	-0.884034874
1850400	-0.895197728
1852200	-0.865666217
1854000	-0.792158919
1855800	-0.676905847
1857600	-0.528454382
1859400	-0.359711723
1861200	-0.18612568
1863000	-0.02403505
1864800	0.111286154
1866600	0.208917762
1868400	0.265075045
1870200	0.279174411
1872000	0.259648788
1873800	0.213754352
1875600	0.151879096
1877400	0.083007179
1879200	0.012649252
1881000	-0.056198278
1882800	-0.122366124
1884600	-0.186127659
1886400	-0.249244391
1888200	-0.311304807
1890000	-0.367857351
1891800	-0.413642295
1893600	-0.4413043
1895400	-0.443483739
1897200	-0.413886095
1899000	-0.350639645
1900800	-0.257008714
1902600	-0.13970651
1904400	-0.012413679
1906200	0.112638971
1908000	0.220096598
1909800	0.297514938
1911600	0.338415046
1913400	0.341125754
1915200	0.305659163
1917000	0.242236145
1918800	0.157060447
1920600	0.060921948
1922400	-0.038870307
1924200	-0.13800349
1926000	-0.233377443
1927800	-0.324898005
1929600	-0.412786327
1931400	-0.495887244
1933200	-0.572270332
1935000	-0.636959263
1936800	-0.682598726
1938600	-0.700886187
1940400	-0.685652118
1942200	-0.632520699
1944000	-0.539810216
1945800	-0.41472632
1947600	-0.268772185
1949400	-0.113775229
1951200	0.031791209
1953000	0.155375078
1954800	0.243289719
1956600	0.291830041
1958400	0.299884785
1960200	0.272917758
1962000	0.21967744
1963800	0.152572592
1965600	0.079143324
1967400	0.006492753
1969200	-0.059946452
1971000	-0.119627605
1972800	-0.173256172
1974600	-0.222187798
1976400	-0.267797595
1978200	-0.310388344
1980000	-0.346340197
1981800	-0.37005203
1983600	-0.374722088
1985400	-0.353945179
1987200	-0.303954268
1989000	-0.228279017
1990800	-0.13174749
1992600	-0.02295811
1994400	0.085648817
1996200	0.179715126
1998000	0.249446903
1999800	0.283500154
2001600	0.281092336
2003400	0.245373482
2005200	0.180586138
2007000	0.096354349
2008800	0.002361902
2010600	-0.094028911
2012400	-0.185924187
2014200	-0.27233412
2016000	-0.351791192
2017800	-0.425272456
2019600	-0.493270824
2021400	-0.557397733
2023200	-0.612725216
2025000	-0.654124999
2026800	-0.677134694
2028600	-0.673290317
2030400	-0.636706879
2032200	-0.56762208
2034000	-0.469873482
2035800	-0.350583306
2037600	-0.221483477
2039400	-0.096997927
2041200	0.010326289
2043000	0.087093832
2044800	0.129000834
2046600	0.134040403
2048400	0.106361426
2050200	0.054641422
2052000	-0.010456096
2053800	-0.078592403
2055600	-0.14336245
2057400	-0.199777875
2059200	-0.246261723
2061000	-0.281556249
2062800	-0.309303862
2064600	-0.33232821
2066400	-0.351130957
2068200	-0.367207427
2070000	-0.37562062
2071800	-0.371224379
2073600	-0.347949567
2075400	-0.303473473
2077200	-0.239081226
2079000	-0.156155908
2080800	-0.062058694
2082600	0.03337437
2084400	0.11873456
2086200	0.182228209
2088000	0.217741039
2089800	0.221068339
2091600	0.193782257
2093400	0.141973065
2095200	0.071940706
2097000	-0.006489942
2098800	-0.084614217
2100600	-0.157834534
2102400	-0.22399905
2104200	-0.279982697
2106000	-0.329688903
2107800	-0.374962574
2109600	-0.415577388
2111400	-0.453863757
2113200	-0.484025775
2115000	-0.501528636
2116800	-0.499524639
2118600	-0.475955757
2120400	-0.426947262
2122200	-0.354806042
2124000	-0.263926048
2125800	-0.162803327
2127600	-0.063729029
2129400	0.021858902
2131200	0.084996597
2133000	0.116484963
2134800	0.11780735
2136600	0.090260491
2138400	0.041229621
2140200	-0.019741595
2142000	-0.08230629
2143800	-0.140743422
2145600	-0.188818255
2147400	-0.224060886
2149200	-0.248189401
2151000	-0.262288404
2152800	-0.270981876
2154600	-0.275983043
2156400	-0.279495895
2158200	-0.27981957
2160000	-0.271254899
2161800	-0.256075496
2163600	-0.223628225
2165400	-0.175784874
2167200	-0.113200573
2169000	-0.042483464
2170800	0.028925807
2172600	0.095146942
2174400	0.145789008
2176200	0.17430634
2178000	0.176512701
2179800	0.15523663
2181600	0.112124616
2183400	0.055470602
2185200	-0.008533248
2187000	-0.069996278
2188800	-0.124930881
2190600	-0.171156533
2192400	-0.208572308
2194200	-0.237834346
2196000	-0.264367252
2197800	-0.288674019
2199600	-0.3127255
2201400	-0.333568676
2203200	-0.347886035
2205000	-0.350097862
2206800	-0.337675737
2208600	-0.307795885
2210400	-0.258343651
2212200	-0.195171851
2214000	-0.124568291
2215800	-0.051280755
2217600	0.011300183
2219400	0.056910175
2221200	0.079736629
2223000	0.078179565
2224800	0.053830286
2226600	0.012553795
2228400	-0.039651102
2230200	-0.092001229
2232000	-0.136976682
2233800	-0.17288019
2235600	-0.196805229
2237400	-0.210841957
2239200	-0.215277737
2241000	-0.214592517
2242800	-0.210976204
2244600	-0.203722593
2246400	-0.199678919
2248200	-0.192207778
2250000	-0.18084325
2251800	-0.159458058
2253600	-0.125904585
2255400	-0.083416772
2257200	-0.033994069
2259000	0.01742631
2260800	0.066476392
2262600	0.104912468
2264400	0.130239996
2266200	0.135640312
2268000	0.125089727
2269800	0.098469691
2271600	0.061737825
2273400	0.021738863
2275200	-0.016640398
2277000	-0.049334986
2278800	-0.072014532
2280600	-0.087334652
2282400	-0.098745067
2284200	-0.10654723
2286000	-0.115710923
2287800	-0.127975844
2289600	-0.142630053
2291400	-0.155928752
2293200	-0.165436299
2295000	-0.167559991
2296800	-0.156200544
2298600	-0.132694113
2300400	-0.097058217
2302200	-0.05494781
2304000	-0.009807227
2305800	0.032026625
2307600	0.061669311
2309400	0.07587984
2311200	0.073554056
2313000	0.054606428
2314800	0.021520051
2316600	-0.017288331
2318400	-0.0573617
2320200	-0.089554945
2322000	-0.112972793
2323800	-0.126538079
2325600	-0.133225666
2327400	-0.131992593
2329200	-0.12655427
2331000	-0.120288694
2332800	-0.115382833
2334600	-0.113224143
2336400	-0.11291022
2338200	-0.111494168
2340000	-0.105593746
2341800	-0.090916166
2343600	-0.069438626
2345400	-0.04071593
2347200	-0.009742459
2349000	0.02514931
2350800	0.055111349
2352600	0.076550312
2354400	0.087349019
2356200	0.089416882
2358000	0.082009223
2359800	0.071685655
2361600	0.060281216
2363400	0.051087051
2365200	0.049160517
2367000	0.051182493
2368800	0.058373047
2370600	0.06723259
2372400	0.074730958
2374200	0.076441591
2376000	0.071655677
2377800	0.061724634
2379600	0.045762563
2381400	0.028916011
2383200	0.01490624
2385000	0.007908273
2386800	0.008112639
2388600	0.01645569
2390400	0.033723006
2392200	0.055088463
2394000	0.076306167
2395800	0.093447533
2397600	0.102642153
2399400	0.101989398
2401200	0.092574753
2403000	0.075172563
2404800	0.053606957
2406600	0.033215478
2408400	0.017911461
2410200	0.006983672
2412000	0.001070701
2413800	-0.000276034
2415600	0.000817847
2417400	0.00152652
2419200	-0.001340401
2421000	-0.008808983
2422800	-0.020627232
2424600	-0.038501028
2426400	-0.056473828
2428200	-0.074008625
2430000	-0.085505241
2431800	-0.091884445
2433600	-0.090859968
2435400	-0.082426519
2437200	-0.067273143
2439000	-0.051023153
2440800	-0.033156457
2442600	-0.017954836
2444400	-0.005067202
2446200	0.006799384
2448000	0.020074697
2449800	0.037552533
2451600	0.059602301
2453400	0.086193044
2455200	0.115829736
2457000	0.146242449
2458800	0.17055137
2460600	0.186548909
2462400	0.1924323
2464200	0.185922352
2466000	0.168158686
2467800	0.142069788
2469600	0.112100583
2471400	0.080767212
2473200	0.050933503
2475000	0.027937418
2476800	0.012123916
2478600	0.004041281
2480400	0.003711226
2482200	0.008286774
2484000	0.016149581
2485800	0.023421498
2487600	0.028845931
2489400	0.032170413
2491200	0.033306874
2493000	0.034503719
2494800	0.03880891
2496600	0.044134477
2498400	0.052065614
2500200	0.06015173
2502000	0.067049493
2503800	0.070867609
2505600	0.068380201
2507400	0.056672035
2509200	0.035028743
2511000	0.00504648
2512800	-0.032673059
2514600	-0.074113099
2516400	-0.115294333
2518200	-0.152466993
2520000	-0.183475074
2521800	-0.20407409
2523600	-0.215327897
2525400	-0.216669087
2527200	-0.208035797
2529000	-0.190537994
2530800	-0.166260197
2532600	-0.136597911
2534400	-0.102030901
2536200	-0.061154879
2538000	-0.01438893
2539800	0.037585708
2541600	0.095116586
2543400	0.153659121
2545200	0.212614473
2547000	0.262430646
2548800	0.29808672
2550600	0.31596291
2552400	0.313796817
2554200	0.29292418
2556000	0.257229652
2557800	0.209310775
2559600	0.156355076
2561400	0.101693676
2563200	0.049770836
2565000	0.00493522
2566800	-0.032044549
2568600	-0.05901936
2570400	-0.075462962
2572200	-0.082605693
2574000	-0.081006889
2575800	-0.071578516
2577600	-0.056370776
2579400	-0.034917042
2581200	-0.00896192
2583000	0.021655823
2584800	0.053895254
2586600	0.1439149
2588400	0.17147031
2590200	0.19226952
2592000	0.20235945
